$ 1 2e-10 30.13683688681966 56 5 50 5e-11
t 560 432 560 384 0 1 -0.3311782250138253 0.15601270908772522 100 default
t 704 432 704 384 0 -1 0.3311782250015497 -0.15603050985760114 100 default
l 608 384 656 384 2 0.000001 -0.1020314038634532 0
w 656 432 656 496 0
w 656 496 560 496 0
w 608 384 608 432 0
w 608 480 704 480 0
w 576 384 608 384 0
w 656 384 688 384 0
w 544 384 480 384 0
w 720 384 752 384 0
r 944 384 848 384 0 100
c 800 384 800 432 0 1e-8 1.1964483735204858 0.001
w 704 544 800 544 0
w 800 432 800 544 0
w 480 432 480 496 0
w 656 544 608 544 0
w 560 544 480 544 0
w 480 496 480 544 0
w 480 384 480 432 0
v 944 544 944 384 0 0 40 1.2 0 0 0.5
w 800 544 880 544 0
w 880 544 944 544 0
w 800 384 848 384 0
w 704 544 656 544 0
w 656 384 656 432 0
c 608 432 656 432 0 1e-8 -0.22204870455978443 0.001
w 752 384 800 384 0
w 560 544 608 544 0
w 608 432 608 480 0
c 704 432 704 480 0 1e-8 0.5532269295613341 0.001
c 560 432 560 496 0 1e-8 -0.5532269295736097 0.001
r 704 432 656 432 0 100000
r 560 432 608 432 0 100000
o 2 64 0 4363 1.25 0.2 0 2 2 3
o 1 64 4 4098 1.25 0.1 1 1
o 0 64 5 4354 2.5 0.1 2 1
o 20 64 0 4355 5 0.000390625 3 2 20 3
o 30 64 0 4099 0.625 0.0001953125 4 2 30 3
o 31 64 0 4099 0.625 0.0001953125 4 2 31 3
o 26 64 0 4099 1.25 0.2 5 2 26 3
o 33 64 0 4099 2.5 0.00009765625 6 2 33 3
o 12 64 0 4099 5 0.003125 7 2 12 3
38 11 F1 0 0 1000 -1 Resistance
38 20 F1 0 0 2 -1 Voltage
