$ 1 5e-9 14.235633750745258 52 1 66 5e-11
T 288 192 336 224 6 0.000001 3.3333333333333335 -2.1602186185687433e-12 -0.12222420781632126 0.999
t 336 256 368 256 0 1 -2.0565255430137652 -0.21724950699302745 100 default
w 368 224 368 240 0
w 288 224 288 256 0
w 368 272 368 288 0
w 368 288 224 288 0
w 288 128 192 128 0
v 112 288 112 128 0 0 40 1 0 0 0.5
c 224 288 224 192 0 1e-9 -0.03677805985046375 0.001
w 192 288 224 288 0
w 224 192 288 192 0
r 288 256 336 256 0 10
c 416 224 416 128 0 1e-7 0.8476061623793615 0.001
w 336 128 416 128 0
w 288 128 336 128 0
w 336 128 336 192 0
w 336 224 368 224 0
w 368 224 416 224 0
r 288 128 288 192 0 5000
r 112 128 192 128 0 10
c 192 128 192 288 0 0.000001 0.9916698736413762 0.001
w 112 288 192 288 0
o 7 8 0 4353 2.5 0.0125 0 2 7 3
o 12 8 0 4363 2.5 0.2 1 2 12 3
o 8 8 0 4099 1.25 0.0015625 2 2 8 3
