$ 1 1e-10 13.097415321081861 56 5 50 5e-11
t 560 432 560 384 0 1 -0.20913547980027541 0.3877332122537905 100 default
t 704 432 704 384 0 -1 0.20913547980027541 -0.38773321205272104 100 default
w 656 400 656 496 0
w 656 496 560 496 0
w 608 384 608 400 0
w 608 480 704 480 0
w 576 384 608 384 0
w 656 384 688 384 0
w 544 384 480 384 0
w 720 384 752 384 0
r 944 384 848 384 0 100
c 800 384 800 432 0 1e-8 0.984601907344874 0.001
w 704 544 800 544 0
w 800 432 800 544 0
w 480 432 480 496 0
w 656 544 608 544 0
w 560 544 480 544 0
w 480 496 480 544 0
w 480 384 480 432 0
v 944 544 944 384 0 0 40 1.2 0 0 0.5
w 800 544 880 544 0
w 880 544 944 544 0
w 800 384 848 384 0
w 704 544 656 544 0
w 656 384 656 400 0
c 608 400 656 400 0 1e-9 0.2091354765621884 0.001
w 752 384 800 384 0
w 560 544 608 544 0
w 608 400 608 480 0
T 608 384 656 336 8 0.000001 5 0.005676532468693452 1.835537667726258e-8 0.999
w 608 336 608 304 0
162 656 304 720 304 2 default-led 1 0 0 0.01
w 544 336 544 384 0
r 704 432 704 480 0 1
r 560 432 560 496 0 1
w 544 336 608 336 0
w 720 304 720 384 0
c 656 304 656 336 0 1e-10 1.0504435748642096 0.001
d 608 304 656 304 2 default
o 1 64 1 4099 1.25 0.2 0 1
o 0 64 5 4354 1.25 0.1 0 1
o 19 64 0 4355 5 0.00625 1 2 19 3
o 25 64 0 4099 1.25 3.2 2 2 25 3
o 31 64 0 4099 20 0.1 3 2 31 3
o 37 64 0 4099 10 0.1 4 2 37 3
38 10 F1 0 0 1000 -1 Resistance
38 19 F1 0 0 2 -1 Voltage
