$ 1 5e-10 27.727228452313398 46 5 50 5e-11
t 560 432 560 384 2 1 -0.5407516281000253 -0.16383615206011778 100 default
t 704 432 704 384 2 -1 0.5407516302097215 -0.3766474763772326 100 default
w 656 400 656 496 0
w 656 496 560 496 0
w 608 384 608 400 0
w 608 480 672 480 0
w 576 384 608 384 0
w 656 384 688 384 0
w 544 384 480 384 0
w 720 384 752 384 0
r 944 384 880 384 0 250
c 800 384 800 464 0 1.0000000000000001e-7 0.7535629545261929 0.001
w 704 544 800 544 0
w 800 464 800 544 0
w 480 432 480 496 0
w 656 544 608 544 0
w 560 544 480 544 0
w 480 496 480 544 0
w 480 384 480 432 0
v 944 544 944 384 0 0 40 1 0 0 0.5
w 880 544 944 544 0
w 704 544 656 544 0
w 656 384 656 400 0
c 608 400 656 400 0 1e-8 0.5407516281006686 0.001
w 752 384 800 384 0
w 560 544 608 544 0
w 608 400 608 480 0
T 608 384 656 336 8 0.0000049999999999999996 3.0003000300030003 0.001890005126698121 -0.0021130816844774345 0.999
w 608 336 608 304 0
162 704 304 800 304 2 default-led 1 0 0 0.01
w 544 336 544 384 0
r 704 432 704 480 0 1
r 560 432 560 496 0 1
c 656 304 656 336 0 5.0000000000000004e-8 1.1540955664865322 0.001
d 608 304 656 304 2 1N5711
l 800 384 880 384 0 0.0000010000000000000002 -0.000986063755438102 0
r 704 304 656 304 0 10
w 800 304 800 384 0
w 672 480 704 480 0
l 800 544 880 544 0 0.0000010000000000000002 0.0009860637554673733 0
d 544 336 608 336 2 1N5711
r 704 480 704 544 0 1000000
r 560 496 560 544 0 1000000
o 1 64 5 4099 1.25 0.00009765625 0 1
o 0 64 5 4354 1.25 0.1 0 1
o 19 64 7 4353 5 0.05 1 1 0.00244140625
o 23 128 0 4107 1.25 0.05 2 2 23 3
o 29 128 7 4105 2.5 0.00625 2 1 0.0048828125
o 33 128 0 4099 2.5 0.00625 3 2 33 3
o 11 128 0 4099 1.25 0.0125 3 2 11 3
o 40 128 0 4099 1.25 0.003125 4 2 40 3
o 41 128 0 4099 1.25 0.00009765625 5 2 41 3
o 42 128 0 4099 2.5 0.00009765625 5 2 42 3
o 34 128 0 4355 5 0.00625 6 2 34 3
o 10 128 0 4353 2.5 0.0015625 7 2 10 3
38 10 F1 0 0 1000 -1 Resistance
38 19 F1 0 0 2 -1 Voltage
