$ 1 1e-8 27.727228452313398 36 5 43 5e-11
T 176 176 240 224 0 0.000014999999999999999 1 -3.732125719579926e-12 7.001343949042393e-14 0.999
w 240 176 240 128 0
w 176 176 176 160 0
w 176 160 320 160 0
c 320 160 320 224 0 1e-7 1.3186968582386385 0.001
w 240 224 320 224 0
162 528 160 608 160 2 default-led 1 0 0 0.01
d 384 160 464 160 2 1N5711
c 464 160 464 224 0 0.000001 1.2956847985239506 0.001
d 464 224 384 224 2 1N5711
r 608 160 608 224 0 100
w 528 224 608 224 0
w -272 288 -192 288 0
c -192 128 -192 288 0 0.000001 0.9691625752493033 0.001
r -272 128 -192 128 0 10
w 320 224 384 224 0
w 32 224 96 224 0
r -96 128 -96 192 0 1000
w -16 224 32 224 0
w -48 224 -16 224 0
w -48 128 -48 192 0
w -96 128 -48 128 0
w -48 128 32 128 0
r -96 256 -48 256 0 10
w -160 192 -96 192 0
w -192 288 -160 288 0
c -160 288 -160 192 0 1e-8 0.022579026859566084 0.001
v -272 288 -272 128 0 0 40 1 0 0 0.5
w -96 128 -192 128 0
w -16 288 -160 288 0
w -16 272 -16 288 0
w -96 224 -96 256 0
w -16 224 -16 240 0
t -48 256 -16 256 0 1 -0.16820669994494458 0.2517495383057288 100 default
T -96 192 -48 224 6 0.000001 2 1.6601605506982864e-11 -0.27341393156034044 0.999
w 176 128 240 128 0
c 32 128 32 224 0 3e-7 0.5492063369986299 0.001
s 32 128 96 128 0 1 false
s 320 160 384 160 0 1 false
s 464 160 528 160 0 1 false
w 464 224 528 224 0
w 96 224 176 224 0
w 96 128 176 128 0
g -16 288 -16 320 0 0
o 13 64 0 4099 1.25 0.8 0 2 13 3
o 4 64 0 4355 10 0.00009765625 1 2 4 3
o 26 64 0 4099 1.25 0.025 2 2 26 3
o 8 64 0 4355 5 0.00009765625 3 2 8 3
o 36 64 0 4099 2.5 3.2 4 2 36 3
38 4 F1 0 0 0.000001 -1 Capacitance
38 0 F1 0 0 0.00009999999999999999 -1 Primary\sInductance
38 36 F1 0 0 0.000001 -1 C1
