$ 1 5e-10 27.727228452313398 55 5 50 5e-11
t 560 432 560 384 2 1 0.08155293965129257 0.4043526450718889 100 default
t 704 432 704 384 2 -1 -0.0815529324517642 -0.4243756002163018 100 default
w 656 400 656 496 0
w 656 496 560 496 0
w 608 384 608 400 0
w 608 480 672 480 0
w 576 384 608 384 0
w 656 384 688 384 0
w 544 384 480 384 0
w 720 384 752 384 0
r 944 384 880 384 0 50
c 800 384 800 464 0 1.0000000000000001e-7 0.7471753189903904 0.001
w 704 544 800 544 0
w 800 464 800 544 0
w 480 432 480 496 0
w 656 544 608 544 0
w 560 544 480 544 0
w 480 496 480 544 0
w 480 384 480 432 0
v 944 544 944 384 0 0 40 1 0 0 0.5
w 880 544 944 544 0
w 704 544 656 544 0
w 656 384 656 400 0
c 608 400 656 400 0 1e-8 -0.08155294580525646 0.001
w 752 384 800 384 0
w 560 544 608 544 0
w 608 400 608 480 0
T 608 384 656 336 8 0.0000049999999999999996 3.0003000300030003 -0.03360402456634691 3.1520768019994115e-7 0.999
w 608 336 608 304 0
162 704 304 800 304 2 default-led 1 0 0 0.01
w 608 336 544 336 0
r 704 432 704 480 0 1
r 560 432 560 496 0 1
c 656 304 656 336 0 5.0000000000000004e-8 1.0519450561194856 0.001
d 608 304 656 304 2 1N5711
l 800 384 880 384 0 0.0000010000000000000002 -0.005094260064721711 0
r 704 304 656 304 0 10
w 800 304 800 384 0
w 672 480 704 480 0
l 800 544 880 544 0 0.0000010000000000000002 0.005094260064790983 0
r 704 480 704 544 0 1000000
r 560 496 560 544 0 1000000
w 544 336 480 336 0
c 480 336 480 384 0 1e-8 -0.4310552808418353 0.001
d 544 384 544 336 2 1N5711
o 1 64 5 4099 1.25 0.00009765625 0 1
o 0 64 5 4354 1.25 0.1 0 1
o 19 64 7 4353 5 0.05 1 1 0.009765625
o 23 128 0 4107 1.25 0.1 2 2 23 3
o 29 128 7 4105 2.5 0.00625 2 1 0.0390625
o 33 128 0 4099 2.5 0.025 3 2 33 3
o 11 128 0 4099 1.25 0.1 3 2 11 3
o 40 128 0 4099 1.25 0.00009765625 4 2 40 3
o 41 128 0 4099 1.25 0.00009765625 5 2 41 3
o 34 128 0 4355 5 0.0125 6 2 34 3
o 10 128 0 4353 2.5 0.00625 7 2 10 3
o 43 128 0 4099 2.5 0.025 8 2 43 3
38 10 F1 0 0 1000 -1 Resistance
38 19 F1 0 0 2 -1 Voltage
