$ 1 5e-10 45.7144713268909 46 5 50 5e-11
t 560 432 560 384 2 1 -0.4082960062259366 0.19151865529431206 100 default
t 704 432 704 384 2 -1 0.4082960062259366 -0.19151861589365093 100 default
w 656 400 656 496 0
w 656 496 560 496 0
w 608 384 608 400 0
w 608 480 672 480 0
w 576 384 608 384 0
w 656 384 688 384 0
w 544 384 480 384 0
w 720 384 752 384 0
r 944 384 880 384 0 10
c 800 384 800 464 0 1.0000000000000001e-7 0.7913332774150357 0.001
w 704 544 800 544 0
w 800 464 800 544 0
w 480 432 480 496 0
w 656 544 608 544 0
w 560 544 480 544 0
w 480 496 480 544 0
w 480 384 480 432 0
v 944 544 944 384 0 0 40 1 0 0 0.5
w 800 608 880 608 0
w 880 544 944 544 0
w 704 544 656 544 0
w 656 384 656 400 0
c 608 400 656 400 0 5e-9 0.4082960062248005 0.001
w 752 384 800 384 0
w 560 544 608 544 0
w 608 400 608 480 0
T 608 384 656 336 8 0.0000049999999999999996 3.3333333333333335 -0.00003061464120440553 -0.006134587757337985 0.999
w 608 336 608 304 0
162 704 304 800 304 2 default-led 1 0 0 0.01
w 544 336 544 384 0
r 704 432 704 480 0 1
r 560 432 560 496 0 1
c 656 304 656 336 0 5.0000000000000004e-8 0.825871200804753 0.001
d 608 304 656 304 2 1N5711
l 800 384 880 384 0 0.0000010000000000000002 -0.020790037259820655 0
r 704 304 656 304 0 10
w 800 304 800 384 0
w 880 544 880 464 0
c 880 384 880 464 0 0.000001 0.8334090200725395 0.001
w 672 480 704 480 0
l 800 544 880 544 0 0.0000010000000000000002 0.020790037259872118 0
d 544 336 608 336 2 1N5711
o 1 64 5 4099 1.25 0.00009765625 0 1
o 0 64 5 4354 1.25 0.1 0 1
o 19 64 7 4353 5 0.05 1 1 0.0390625
o 24 128 0 4107 2.5 1.6 2 2 24 3
o 30 128 7 4105 2.5 0.00625 3 1 0.078125
o 34 128 0 4099 1.25 0.025 4 2 34 3
o 11 128 0 4099 1.25 1.6 4 2 11 3
o 43 128 0 4099 2.5 0.05 5 2 43 3
38 10 F1 0 0 1000 -1 Resistance
38 19 F1 0 0 2 -1 Voltage
