$ 1 1e-10 23.47059216675035 68 5 50 5e-11
t 560 432 560 384 0 1 0.6457311910605745 0.6881307362113519 100 default
t 704 432 704 384 0 -1 -0.6457311910605744 -0.6881307362113525 100 default
w 656 496 560 496 0
w 608 384 608 400 0
w 608 480 704 480 0
w 576 384 608 384 0
w 656 384 688 384 0
w 544 384 480 384 0
w 720 384 752 384 0
r 944 384 848 384 0 10
c 800 384 800 432 0 1e-8 0.7451584934566259 0.001
w 704 544 800 544 0
w 800 432 800 544 0
w 480 432 480 496 0
w 656 544 608 544 0
w 560 544 480 544 0
w 480 496 480 544 0
w 480 384 480 432 0
v 944 544 944 384 0 0 40 1 0 0 0.5
w 800 544 880 544 0
w 880 544 944 544 0
w 800 384 848 384 0
w 704 544 656 544 0
w 656 384 656 400 0
c 608 400 656 400 0 1e-9 -0.6603594031550704 0.001
w 752 384 800 384 0
w 560 544 608 544 0
T 608 384 656 336 8 0.000001 5 -0.0170874684115697 0.000026009791559714057 0.999
w 608 336 608 304 0
162 656 304 704 304 2 default-led 1 0 0 0.01
w 544 336 544 384 0
r 704 432 704 480 0 1
r 560 432 560 496 0 1
w 544 336 608 336 0
w 720 352 720 384 0
c 656 304 656 336 0 1e-11 2.280884874578179 0.001
d 608 304 656 304 2 1N5711
162 704 304 752 304 2 default-led 1 0 0 0.01
162 752 304 800 304 2 default-led 1 0 0 0.01
w 848 304 896 304 0
w 848 352 720 352 0
162 800 304 848 304 2 default-led 1 0 0 0.01
w 848 352 896 352 0
s 896 304 896 352 0 0 false
c 848 304 848 352 0 1e-11 0 0.001
r 608 400 608 480 0 1
r 656 400 656 496 0 1
o 1 64 1 4099 1.25 0.1 0 1
o 0 64 5 4354 1.25 0.1 0 1
o 18 64 0 4353 5 0.05 1 2 18 3
o 24 64 0 4099 1.25 1.6 2 2 24 3
o 29 64 0 4105 2.5 0.0125 3 2 29 3
o 35 64 0 4099 10 0.0125 4 2 35 3
o 10 64 0 4099 1.25 1.6 5 2 10 3
38 9 F1 0 0 1000 -1 Resistance
38 18 F1 0 0 2 -1 Voltage
