$ 1 5E-10 10.2003 46 5 50 5E-11
407 784 400 864 400 1
f 912 480 912 528 0 0.5 0.02
r 912 400 912 320 0 1000000
w 912 320 784 320 0
w 928 528 1008 528 0
w 880 528 784 528 0
118 704 528 704 320 0 0 40 3.3 0 0 0.5
34 zener-2.1 1 1.7143528192810002e-7 0 2.0000000000000084 2.8 1
z 784 544 784 432 2 zener-2.1
w 912 400 912 480 0
w 880 400 912 400 0
w 880 528 896 528 0
w 784 528 704 528 0
r 880 432 880 528 0 1
r 784 320 784 400 0 1000
w 784 544 928 544 0
w 928 544 928 528 0
r 1008 320 1008 400 0 50
c 1072 320 1072 400 4 1E-8 2.8983 0.001 0
w 1008 320 1072 320 0
w 1072 400 1072 528 0
w 1072 528 1008 528 0
162 1008 400 1008 528 2 default-led 1 0 0 0.01
w 1008 320 912 320 0
w 704 320 784 320 0
o 6 64 0 4355 10 0.025 0 2 6 3
o 1 64 0 4355 0.625 0.025 1 2 1 3
o 7 64 0 4355 5 9.76563E-5 2 2 7 3
o 17 64 0 4355 5 0.025 3 2 17 3
o 12 64 0 4355 7.62939E-5 9.76563E-5 4 2 12 3
o 6 64 0 4355 10 0.025 5 2 6 3
38 6 F1 0 0 10 -1 Voltage
