$ 1 5e-10 89.03963197220334 55 5 50 5e-11
t 560 432 560 384 2 1 0.4803786613837056 0.5703978900806108 100 default
t 704 432 704 384 2 -1 -0.480378661384048 -0.5703978900808017 100 default
w 656 448 656 496 0
w 656 496 560 496 0
w 608 384 608 400 0
w 608 480 672 480 0
w 576 384 608 384 0
w 656 384 688 384 0
w 544 384 480 384 0
w 720 384 752 384 0
r 864 384 800 384 0 5000
w 656 544 608 544 0
w 560 544 480 544 0
w 480 496 480 544 0
w 480 384 480 432 0
v 864 544 864 384 0 0 40 1 0 0 0.5
w 704 544 800 544 0
w 704 544 656 544 0
w 656 384 656 400 0
w 752 384 800 384 0
w 560 544 608 544 0
w 608 448 608 480 0
r 704 432 704 480 0 1000
r 560 432 560 496 0 1000
w 672 480 704 480 0
181 480 432 480 496 0 300.00000000120866 100 1 0.004 0.004
c 800 384 800 544 0 1e-8 0.6758366500621694 0.001
r 800 544 864 544 0 1
l 608 384 656 384 0 0.000001 0.04258741047520416 0
c 608 400 656 400 0 1.0000000000000001e-7 -0.4957980076176864 0.001
w 608 400 608 448 0
w 656 400 656 448 0
o 1 64 5 4099 1.25 0.00009765625 0 1
o 0 64 5 4354 1.25 0.1 0 1
o 15 64 7 4353 5 0.05 1 1 0.00030517578125
o 26 128 0 4099 1.25 0.0015625 2 2 26 3
o 25 128 0 4097 0.0001 0.0016 3 2 25 3
38 10 F1 0 0 1000 -1 Resistance
38 15 F1 0 0 2 -1 Voltage
