$ 1 0.000005 38.696464541249114 66 5 50 5e-11
t 816 192 880 192 0 1 -2.9234276783149755 0.03882492884030542 100 default
t 880 176 944 176 0 -1 2.9393334970022043 -0.23682314953811856 100 default
w 944 160 944 112 0
r 944 112 880 112 0 1000
w 1072 224 1008 224 0
w 944 192 944 256 0
w 944 304 816 304 0
w 816 112 768 112 0
c 768 192 768 112 0 0.0000010000000000000002 -0.015905815667673018 0.001
w 768 192 768 304 0
R 1136 112 1184 112 0 0 40 7 0 0 0.5
r 1072 112 1136 112 0 10000
w 944 256 944 304 0
w 880 208 880 256 0
c 1008 176 1008 224 0 0.000019999999999999998 3.92490088047088 0.001
g 1072 224 1072 240 0 0
d 944 256 880 256 2 1N5711
w 880 256 880 352 0
r 1008 288 1008 224 0 1
r 816 112 816 192 0 1000
w 816 304 768 304 0
z 816 112 880 112 2 default-zener
162 1008 352 1008 288 2 default-led 1 0 0 0.01
w 1008 112 1008 176 0
w 880 352 1008 352 0
w 944 112 1008 112 0
w 1008 112 1072 112 0
o 10 256 7 4353 5 0.0015625 0 1 0.0048828125
o 14 256 7 4355 10 0.0015625 1 1 10
o 22 256 7 4097 5 0.1 2 1 2.5
o 8 256 7 4355 0.625 0.00009765625 3 1 0.0006103515625
o 16 256 0 4099 5 1.6 4 2 16 3
