$ 1 0.000001 18.278915558614752 66 5 50 5e-11
t 816 192 880 192 0 1 0 0 100 default
t 880 176 944 176 0 -1 0 0 100 default
w 944 160 944 112 0
w 1072 224 1008 224 0
w 944 256 944 192 0
w 944 304 816 304 0
w 816 112 752 112 0
c 752 112 752 192 4 6.8e-8 0.001 0.001 0
w 752 192 752 304 0
r 1008 112 1072 112 0 1000
w 944 256 944 304 0
w 880 208 880 256 0
c 1008 160 1008 224 4 0.000001 0.001 0.001 0
d 944 256 880 256 2 1N5711
w 880 256 880 352 0
r 1008 288 1008 224 0 10
r 816 112 816 192 0 1000
w 816 304 752 304 0
z 816 112 880 112 2 default-zener
162 1008 352 1008 288 2 default-led 1 0 0 0.01
w 880 352 1008 352 0
w 1008 160 1008 112 0
l 944 112 1008 112 0 0.000009999999999999999 0 0
w 880 112 944 112 0
d 1008 160 944 160 2 1N4148
v 1072 224 1072 112 0 0 40 6.5 0 0 0.5
o 12 256 0 4354 10 0.05 0 2 12 3
o 7 256 0 4355 0.3125 0.00078125 1 2 7 3
o 13 256 0 4355 1.25 0.2 2 2 13 3
o 22 256 0 4099 1.25 0.4 3 2 22 3
o 18 256 0 4099 10 0.00009765625 4 2 18 3
o 24 256 0 4355 1.25 0.2 5 2 24 3
o 19 256 0 4353 5 0.4 6 2 19 3
