$ 1 0.000001 18.278915558614752 66 5 50 5e-11
t 816 192 880 192 0 1 -4.40174779031617 0.1408708085569954 100 default
t 880 176 944 176 0 -1 4.519404838850261 -0.2719631636595441 100 default
w 944 160 944 112 0
w 1072 224 1008 224 0
w 944 192 944 256 0
w 944 304 816 304 0
w 816 112 768 112 0
c 768 112 768 192 0 0.0000010000000000000002 0.11765704426466783 0.001
w 768 192 768 304 0
R 1136 112 1184 112 0 0 40 7 0 0 0.5
r 1072 112 1136 112 0 10000
w 944 256 944 304 0
w 880 208 880 256 0
c 1008 176 1008 224 0 0.000001 5.5419440907699435 0.001
g 1072 224 1072 240 0 0
d 944 256 880 256 2 1N5711
w 880 256 880 352 0
r 1008 288 1008 224 0 10
r 816 112 816 192 0 1000
w 816 304 768 304 0
z 816 112 880 112 2 default-zener
162 1008 352 1008 288 2 default-led 1 0 0 0.01
w 880 352 1008 352 0
w 1008 176 1008 112 0
w 1008 112 1072 112 0
l 944 112 1008 112 0 0.01 -1.7516257010142028e-7 0
w 880 112 944 112 0
o 9 256 7 4353 5 0.0015625 0 1 0.009765625
o 13 256 0 4354 10 0.05 1 2 13 3
o 21 256 7 4097 5 0.1 2 1 0.078125
o 7 256 0 4355 0.625 0.000390625 3 2 7 3
o 15 256 0 4355 1.25 0.05 4 2 15 3
o 25 256 0 4099 5 0.05 5 2 25 3
o 20 256 0 4099 10 0.00009765625 6 2 20 3
