$ 1 1e-9 19.867427341514983 61 5 43 5e-11
t 256 288 160 288 0 1 -0.14588426454907893 0.22374342394005292 100 default
w 160 96 160 144 0
w 160 96 160 48 0
r 304 288 304 224 0 1000
w 304 48 160 48 0
w 160 48 80 48 0
c 80 48 80 96 0 1e-7 0.4362013727593314 0.001
r 80 48 16 48 0 100
R 16 48 -48 48 0 0 40 0.6 0 0 0.5
g 80 96 80 112 0 0
g 160 304 160 336 0 0
c 256 288 256 224 0 1e-9 0.15430488571556936 0.001
w 160 224 160 272 0
w 256 288 304 288 0
w 304 48 304 128 0
162 448 176 448 144 2 default-led 1 0 0 0.01
406 256 224 160 272 0 0.00009999999999999999 0.999 1,5:-1 3 0.0036524522651196567 4.352072216194262e-9 -5.71878203023098e-10 
w 256 144 384 144 0
w 256 176 336 176 0
c 256 192 256 224 0 1e-8 -0.06943853822448356 0.001
w 304 192 304 224 0
w 304 128 304 192 0
d 336 176 384 176 2 1N4148
c 384 176 384 144 0 1e-9 1.2715767827480235 0.001
r 384 176 448 176 0 10
s 384 144 448 144 0 0 false
g 256 192 288 192 0 0
o 8 128 7 135425 5 0.1 0 1 0.00244140625
o 11 128 0 4355 1.25 0.0125 1 2 11 3
o 15 128 0 135433 10 0.025 2 2 15 3
o 6 128 0 4355 0.625 0.2 3 2 6 3
o 23 128 0 4355 2.5 0.025 4 2 23 3
o 19 128 0 4355 1.25 0.1 5 2 19 3
38 3 F1 0 0 10000 -1 Resistance
38 8 F1 0 0 1 -1 Voltage
