$ 1 1e-8 19.867427341514983 61 5 43 5e-11
t 256 256 160 256 0 1 0 0 100 default
w 160 64 160 112 0
w 160 64 160 16 0
r 304 256 304 192 0 5000
w 304 16 256 16 0
w 160 16 80 16 0
c 80 16 80 64 4 0.0000010000000000000002 0.001 0.001 0.1
r 16 16 16 80 0 100
c 256 256 256 192 4 1e-8 0.001 0.001 0
w 160 192 160 240 0
w 256 256 304 256 0
w 304 16 304 96 0
162 448 112 448 256 2 default-led 1 0 0 0.01
406 256 192 160 240 0 0.00009999999999999999 0.999 1,-30:-1 3 0 0 0 
w 256 112 336 112 0
w 256 144 336 144 0
w 304 160 304 192 0
w 304 96 304 160 0
c 384 16 304 16 4 1e-8 0.001 0.001 0
r 384 256 448 256 0 100
s 384 112 448 112 0 0 false
d 336 112 384 112 2 1N5711
w 384 112 384 16 0
w 384 144 384 192 0
c 304 256 384 256 4 1e-8 0.001 0.001 0
w 336 144 384 144 0
c 288 192 288 160 4 1e-8 0.001 0.001 0
l 16 16 80 16 0 0.000009999999999999999 0 0
w 288 192 288 304 0
w 160 272 160 304 0
w 160 304 288 304 0
w 256 160 288 160 0
w 80 64 80 304 0
w 80 304 160 304 0
v 16 160 16 80 0 0 40 0.8 0 0 0.5
w 16 160 16 304 0
w 16 304 80 304 0
w 256 16 160 16 0
w 384 192 384 256 0
o 8 128 0 4355 0.625 0.2 0 2 8 3
o 12 128 7 135433 10 0.1 1 1 0.0390625
o 6 128 0 4355 1.25 0.4 2 2 6 3
o 3 128 0 4355 5 0.00078125 3 2 3 3
o 34 128 7 135425 5 0.003125 4 1 0.00244140625
38 3 F1 0 0 10000 -1 Resistance
