$ 1 1e-9 19.867427341514983 61 5 43 5e-11
t 256 288 160 288 0 1 -0.9106947605463132 -0.4819061118999794 100 default
w 160 96 160 144 0
w 160 96 160 48 0
r 304 288 304 224 0 1000
w 304 48 160 48 0
w 160 48 80 48 0
c 80 48 80 96 0 1e-7 0.5037384239296641 0.001
r 80 48 16 48 0 100
R 16 48 -48 48 0 0 40 1 0 0 0.5
g 80 96 80 112 0 0
g 160 304 160 336 0 0
c 256 288 256 224 0 1e-9 -0.31974228561155016 0.001
w 160 224 160 272 0
w 256 288 304 288 0
w 304 48 304 128 0
162 288 176 288 144 2 default-led 1 0 0 0.01
406 256 224 160 272 0 0.00009999999999999999 0.999 3,3:-1 3 0.0018640898861953176 9.310990375927105e-11 -1.43948356923565e-12 
w 256 144 288 144 0
w 256 176 288 176 0
c 256 192 256 224 0 1e-9 0.6665815079534411 0.001
w 304 192 304 224 0
w 304 128 304 192 0
c 256 192 304 192 0 0.000001 0.0006792577353477158 0.001
o 8 128 7 135425 5 0.1 0 1 0.01953125
o 11 128 0 4355 5 0.05 1 2 11 3
o 15 128 0 135433 10 0.05 2 2 15 3
o 6 128 0 4355 1.25 0.4 3 2 6 3
o 22 128 0 4355 0.0048828125 0.05 4 2 22 3
38 3 F1 0 0 10000 -1 Resistance
