$ 1 1e-9 19.867427341514983 61 5 43 5e-11
t 256 288 160 288 0 1 -1.3510491132605174 0.11030480202915226 100 default
w 160 96 160 144 0
w 160 96 160 48 0
r 304 288 304 224 0 1000
w 304 48 160 48 0
w 160 48 80 48 0
c 80 48 80 96 0 1e-7 0.788364684949949 0.001
r 80 48 16 48 0 100
R 16 48 -48 48 0 0 40 1 0 0 0.5
g 80 96 80 112 0 0
g 160 304 160 336 0 0
c 256 288 256 224 0 1e-9 0.0944945109988759 0.001
w 160 224 160 272 0
w 256 288 304 288 0
w 304 48 304 128 0
162 448 144 448 176 2 default-led 1 0 0 0.01
406 256 224 160 272 0 0.00009999999999999999 0.999 1,-5:-1 3 0.0007192248582785722 -3.1499554940564683e-7 -1.002630270474647e-11 
w 256 144 336 144 0
w 256 176 336 176 0
w 304 192 304 224 0
w 304 128 304 192 0
d 384 176 336 176 2 1N5711
c 384 48 304 48 0 1e-8 0.5756441934146299 0.001
r 384 176 448 176 0 10
s 384 144 448 144 0 0 false
g 256 192 288 192 0 0
d 336 144 384 144 2 1N5711
w 384 144 384 48 0
w 384 176 384 288 0
w 384 288 304 288 0
o 8 128 7 135425 5 0.1 0 1 0.0048828125
o 11 128 0 4355 5 0.1 1 2 11 3
o 15 128 7 135433 10 0.1 2 1 0.3125
o 6 128 0 4355 1.25 0.1 3 2 6 3
o 22 128 0 4355 5 0.1 4 2 22 3
o 3 128 0 4355 10 0.0125 5 2 3 3
38 3 F1 0 0 10000 -1 Resistance
38 8 F1 0 0 1 -1 Voltage
