$ 1 2E-8 61.196 38 3.3 50 5E-11
w 240 -32 240 16 0
w 240 16 320 16 0
w 320 16 384 16 0
r 112 80 112 128 0 1000
r 384 80 384 128 0 1000
c 160 176 208 176 4 2.2E-9 0.3734 0.1 0
c 320 176 272 176 4 2.2E-9 1.4323 0.1 0
t 288 256 384 256 0 1 -1.7221 0.341 100 default
w 208 176 288 256 0
w 272 176 208 256 0
t 208 256 112 256 0 1 0.5417 0.6291 100 default
82 -96 16 -144 16 0 0 40 0.72 0 0 0.5
x 159 212 179 215 4 16 C1
x 317 213 337 216 4 16 C2
x 85 260 106 263 4 16 Q1
x 390 259 411 262 4 16 Q2
368 448 176 416 144 1 0 TG
174 208 144 272 128 1 10000 0.797 Resistance
r 240 80 240 128 0 4700
w 208 144 208 176 0
w 272 144 272 176 0
f 448 176 496 176 0 0.5 0.2
w 112 272 112 304 0
w 384 272 384 304 0
406 592 128 496 176 0 0.01 0.999 4:1 2 0.0266 0.2664 
w 496 128 496 160 0
162 592 48 688 48 2 default-led 1 0 0 0.1
w 48 112 48 144 0
w 688 128 592 128 0
w 160 80 112 80 0
w 112 128 112 176 0
w 320 80 384 80 0
w 384 128 384 176 0
c 112 16 112 -32 4 1E-5 2.5731 0.1 0.1
c 592 96 592 128 4 4.7E-8 1.9098 0.1 0
w 240 80 320 80 0
t -32 224 0 224 0 1 0.6452 0.7196 100 default
T -48 144 0 176 4 2.2E-5 1 0.008 0.1091 0.999
w 0 176 0 208 0
w -48 112 -48 144 0
w -32 224 -48 224 0
w 0 240 0 272 0
d 0 176 48 176 2 1N4148
r -48 224 -48 176 0 100
w 0 112 -48 112 0
w 0 112 0 144 0
w 48 144 48 176 0
l 0 16 0 112 0 2.2E-5 0.0508 0
c 0 176 0 144 4 2.2E-8 0.724 0.1 0
w 112 16 112 80 0
w 0 -32 0 16 0
c -96 112 -96 16 4 2.2E-5 0.72 0.1 0.1
w -96 16 0 16 0
w 0 272 0 304 0
w 496 240 496 304 0
403 560 208 640 256 0 16_64_0_4362_5_6.4_-1_2_16_3
403 576 -32 704 32 0 26_128_0_4362_5_0.5_-1_2_26_3
s 688 48 688 128 0 0 0
w 0 -32 112 -32 0
403 576 -80 704 -32 0 26_128_7_135177_10_0.25_-1_1_0.0978
403 -192 -64 -112 0 0 11_64_7_135431_5_0.4_-1_1_0.3125
403 -240 64 -112 128 0 48_64_0_4362_5_0.8_-1_2_48_3
403 -208 192 -80 256 0 36_64_5_37131_10_0.1_-1_1
403 720 64 816 128 0 34_128_0_4354_5_0.5_-1_2_34_3
w 112 -32 176 -32 0
34 zener-12 1 1.7143528192810002e-7 0 2.0000000000000084 12 1
z 240 16 240 80 2 zener-12
w 112 304 208 304 0
w 288 304 384 304 0
d 288 304 288 256 2 1N5711
w 288 304 240 304 0
w 240 304 208 304 0
d 208 304 208 256 2 1N5711
w 160 80 240 80 0
w 112 176 112 240 0
w 384 176 384 240 0
403 -80 -128 48 -64 0 51_128_0_4355_1.25_9.7656E-5_-1_2_51_3
w 384 16 416 16 0
w 416 16 448 16 0
w 48 80 48 112 0
g 496 304 496 320 0 0
g 0 304 0 336 0 0
w 496 48 496 96 0
c -48 112 -96 112 4 1E-6 0.7985 0.1 0
w 0 272 -48 272 0
d -48 272 -48 224 2 1N4148
g -96 112 -96 144 0 0
w 448 16 496 16 0
l 48 80 112 80 0 2.2E-6 0.029 0
c 48 176 48 256 4 1E-6 3.3286 0.1 0
g 48 256 48 272 0 0
r 592 48 592 96 0 1
d 160 176 112 176 2 1N4148
d 320 176 384 176 2 1N4148
r 320 80 320 176 0 1000
r 160 80 160 176 0 1000
w 496 192 496 240 0
w 384 304 416 304 0
r 384 176 448 176 0 1000
c 416 304 496 304 4 1E-6 1.2267 0.001 0.001
d 416 64 416 16 2 1N5711
w 416 304 416 128 0
w 416 64 416 128 0
l 176 -32 240 -32 0 0.001 0.1906 0
c 320 -32 240 -32 4 1E-5 0.6854 0.001 0.001
w 496 16 496 48 0
w 592 128 592 160 0
g 320 -32 336 -32 0 0
o 33 64 0 4355 5 0.2 0 2 33 3
o 42 64 0 135425 2.5 0.4 1 2 42 3
o 34 64 0 4355 5 0.0781 2 2 34 3
o 65 64 0 135427 5 9.4727E-5 3 2 65 3
o 21 64 7 4353 5 0.5 4 1 20.064
o 82 64 0 4355 2.5 6.4 5 2 82 3
o 88 64 0 4355 10 0.4 6 2 88 3
o 68 64 0 4355 2.5 0.0122 7 2 68 3
o 99 64 0 4355 2.5 0.025 8 2 99 3
o 103 64 0 4355 5 0.4 9 2 103 3
38 11 F1 0 0 3 -1 Voltage
38 43 F1 0 0 1000 -1 R_low_dc-dc
