$ 1 1E-9 10.2003 51 5 50 5E-11
f 912 416 960 416 32 0.5 0.02
f 912 528 960 528 0 0.5 0.02
406 880 320 960 352 0 1E-5 0.999 -20:1\p1 3 -2.21482E-6 0.0078 0.0078 
w 880 320 880 304 0
w 960 320 960 304 0
w 880 304 960 304 0
82 736 304 672 304 0 0 40 0.5 0 0 0.5
w 960 384 960 400 0
w 960 432 960 464 0
w 912 416 912 464 0
w 912 464 912 528 0
w 912 464 880 464 0
w 960 544 960 576 0
w 880 304 800 304 0
w 1088 352 1088 576 0
w 1088 576 960 576 0
w 960 464 992 464 0
g 992 464 1008 464 0 0
w 1024 352 1088 352 0
c 960 464 960 512 4 1E-9 0.6829 0.001 0.001
d 992 544 992 512 2 1N5711
w 960 512 992 512 0
w 960 544 992 544 0
c 800 304 800 384 4 1E-7 0.503 0.001 0.1
g 800 384 800 400 0 0
368 880 464 816 464 0 0
162 1056 320 960 320 2 default-led 1 0 0 0.01
l 960 352 1024 352 0 0.0001 -8.96685E-5 0
l 960 384 1056 384 0 1E-5 -9.3189E-11 0
w 1056 384 1056 320 0
l 736 304 800 304 0 1E-4 0.0065 0
c 880 384 880 464 4 1E-9 0.0055 0.001 0.001
c 912 464 960 464 4 10E-13 4.5425 0.001 0.001
o 6 64 7 135427 5 0.8 0 1 0.0098
o 25 64 0 4355 80 51.2 1 2 25 3
o 20 64 0 4363 40 0.0031 1 2 20 3
o 19 64 0 4355 2.5 0.0063 2 2 19 3
o 26 64 7 135435 5 0.025 3 1 0.0391
o 23 64 0 4355 1.25 0.1 4 2 23 3
o 27 64 0 4355 40 0.0063 5 2 27 3
38 6 F1 0 0 2 -1 Voltage
