$ 1 1E-10 10.2003 50 5 50 5E-11
f 912 416 960 416 32 1.5 0.02
f 912 528 960 528 32 1.5 0.02
406 880 320 960 352 0 1E-5 0.999 -20:1 2 4.20128E-18 0.0163 
w 880 320 880 304 0
w 960 320 960 304 0
w 880 304 960 304 0
82 736 304 672 304 0 0 40 0.6 0 0 0.5
w 960 352 960 400 0
w 960 432 960 464 0
w 912 416 912 464 0
w 912 464 912 528 0
w 912 464 880 464 0
w 880 352 880 464 0
w 960 544 960 576 0
w 880 304 800 304 0
w 1088 352 1088 576 0
w 1088 576 960 576 0
w 960 464 1008 464 0
g 1008 464 1024 464 0 0
w 960 352 1088 352 0
c 960 464 960 512 4 1E-8 0.1314 0.001 0.001
d 992 544 992 512 2 1N5711
w 960 512 992 512 0
w 960 544 992 544 0
c 800 304 800 352 4 1E-7 0.5884 0.001 0.1
g 800 352 800 368 0 0
r 736 304 800 304 0 1
368 880 464 816 464 0 0
o 6 64 7 4355 5 0.8 0 1 0.0781
o 27 64 0 4355 80 51.2 1 2 27 3
o 21 64 0 4355 2.5 0.025 1 2 21 3
o 20 64 0 4355 5 0.05 2 2 20 3
38 6 F1 0 0 2 -1 Voltage
