$ 1 5E-9 10.2003 39 20 50 5E-11
f 912 416 960 416 32 0.5 0.02
f 912 528 960 528 0 0.5 0.02
406 880 320 960 352 0 5E-6 0.999 -20:1\p1 3 0.0008 8.26232E-6 8.26232E-6 
w 880 320 880 304 0
w 960 320 960 304 0
82 608 304 544 304 0 0 40 0.28 0 0 0.5
w 960 384 960 400 0
w 960 432 960 464 0
w 912 416 912 464 0
w 912 464 912 528 0
w 912 464 880 464 0
w 960 544 960 576 0
w 880 304 832 304 0
w 1088 384 1088 576 0
w 1088 576 960 576 0
w 960 464 992 464 0
g 992 464 1008 464 0 0
w 1024 384 1088 384 0
c 960 464 960 512 4 1E-10 0.4235 0.001 0.001
w 960 512 992 512 0
w 960 544 992 544 0
c 800 304 800 384 4 1E-8 0.3104 0.001 0.1
g 800 384 800 400 0 0
368 832 464 768 464 0 0
l 960 384 1024 384 0 0.001 4.60088E-5 0
l 880 304 960 304 0 0.001 0.0002 0
c 880 384 880 464 4 1E-9 0.0353 0.001 0.001
c 912 464 960 464 4 10E-12 3.4314 0.001 0.001
c 992 512 992 544 4 1E-9 0.0073 0.001 0.001
34 zener-12 1 1.7143528192810002e-7 0 2.0000000000000084 12 1
d 832 384 880 384 2 zener-12
w 832 464 880 464 0
w 832 304 800 304 0
s 672 304 736 304 0 0 0
d 832 384 832 304 2 1N4148
l 736 304 800 304 0 0.001 3.67986E-5 0
r 608 304 672 304 0 10
c 1088 384 1088 304 4 10E-12 0.1158 0.001 0.001
w 960 304 1088 304 0
o 5 64 7 135427 5 0.8 0 1 0.0003
o 23 64 0 4363 20 12.8 1 2 23 3
o 21 64 0 4355 0.625 0.0016 2 2 21 3
o 26 64 0 4355 0.1563 0.0016 3 2 26 3
o 18 64 0 4355 0.625 0.0008 4 2 18 3
o 28 64 0 4355 0.0781 0.0008 5 2 28 3
o 1 64 0 4355 0.0781 0.0008 6 2 1 3
o 27 64 0 4355 20 0.0016 7 2 27 3
o 33 64 0 4355 20 9.76563E-5 8 2 33 3
o 25 64 0 4355 5 0.0004 9 2 25 3
o 36 64 0 4355 5 0.0008 10 2 36 3
38 5 F1 0 0 2 -1 Voltage
