$ 1 1e-8 42.05934401203833 44 5 50 5e-11
f 656 528 592 528 32 0.5 0.02
w 624 336 592 336 0
r 528 336 464 336 0 10
406 624 336 720 368 0 0.000009999999999999999 0.999 1:15,10 3 -0.009298073637627774 0.000012880434603627228 0.0008977993374886389 
w 592 416 624 416 0
w 784 528 720 528 0
w 592 544 592 592 0
l 528 336 592 336 0 0.000001 -0.00929807363762776 0
c 528 336 528 384 4 0.0000010000000000000002 0.505109188808717 0.001 0
w 720 368 720 384 0
w 720 416 784 416 0
w 784 384 720 384 0
c 784 384 784 416 4 1e-8 5.625779251098133 0.001 0.1
w 592 464 592 512 0
c 784 336 784 384 4 1.0000000000000002e-10 8.43128626271275 0.001 0
w 832 384 832 464 0
w 592 464 656 464 0
w 592 416 592 464 0
w 832 384 784 384 0
w 720 416 720 464 0
v 464 384 464 336 0 0 40 0.6 0 0 0.5
w 464 384 528 384 0
w 528 464 528 592 0
w 528 592 592 592 0
w 656 464 720 464 0
r 656 464 656 528 0 200000
w 784 528 832 528 0
c 832 464 832 528 4 1.0000000000000002e-10 -2.566222257473383 0.001 0
w 528 384 528 464 0
34 zener-12 1 1.7143528192810002e-7 0 2.0000000000000084 12 1
z 656 592 656 528 2 zener-12
w 592 592 656 592 0
w 720 336 784 336 0
g 464 384 464 400 0 0
w 656 528 720 528 0
o 0 128 0 4355 2.5 0.05 0 2 0 3
o 12 128 0 4363 10 0.025 1 2 12 3
o 14 128 0 4355 10 0.000390625 2 2 14 3
o 8 128 0 4355 1.25 0.05 3 2 8 3
o 20 128 7 135427 5 0.1 4 1 0.009765625
o 29 128 0 4355 10 0.0001953125 5 2 29 3
o 14 128 0 4355 10 0.000390625 6 2 14 3
38 20 F1 0 0 1 -1 Voltage
