$ 1 1e-9 10.20027730826997 57 5 50 5e-11
406 768 400 896 432 0 0.000009999999999999999 0.999 -1,-1:5,5 4 0 0 0 0 
w 768 432 768 448 0
w 896 432 896 448 0
f 688 352 688 400 32 0.5 0.02
f 688 528 688 480 32 0.5 0.02
w 672 400 608 400 0
w 672 480 608 480 0
w 608 432 608 480 0
w 736 352 768 352 0
w 736 480 768 480 0
w 736 400 768 400 0
w 896 352 768 352 0
w 768 528 736 528 0
R 768 448 704 448 0 0 40 1 0 0 0.5
g 608 528 608 560 0 0
c 896 352 896 400 4 1e-8 0.001 0.001 0
c 896 480 896 528 4 1e-8 0.001 0.001 0
w 608 400 608 432 0
w 608 480 608 528 0
w 608 352 608 400 0
w 768 528 896 528 0
c 1024 400 1024 448 4 1e-8 0.001 0.001 0
d 896 400 960 400 2 1N5711
d 896 480 960 480 2 1N5711
r 768 480 768 528 0 50000
r 768 352 768 400 0 50000
w 960 400 960 480 0
w 960 400 1024 400 0
w 896 448 1024 448 0
r 1024 448 1088 448 0 1
w 1024 400 1088 400 0
162 1088 400 1088 448 2 default-led 1 1 1 0.01
34 zener-5.6 1 1.7143528192810002e-7 0 2.0000000000000084 5.6 1
d 608 352 688 352 2 zener-5.6
d 608 528 688 528 2 zener-5.6
w 704 432 768 432 0
c 608 432 704 432 4 0.000001 0.001 0.001 0.1
w 736 352 688 352 0
w 736 400 704 400 0
w 736 480 704 480 0
w 736 528 688 528 0
d 736 400 736 352 2 default
d 736 480 736 528 2 default
g 1024 448 1024 480 0 0
o 13 16 7 135427 5 0.4 0 1 0.078125
o 3 16 0 4355 5 0.1 1 2 3 3
o 25 16 0 4355 10 0.0001953125 2 2 25 3
o 31 16 7 135427 5 0.05 3 1 0.01953125
