$ 1 1E-9 10.2003 39 20 50 5E-11
f 912 416 960 416 32 0.5 0.02
f 912 528 960 528 0 0.5 0.02
406 880 320 960 352 0 1E-5 0.999 -20:1\p1 3 0.001 0.0004 0.0004 
w 880 320 880 304 0
w 960 320 960 304 0
82 752 304 688 304 0 0 40 0.2 0 0 0.5
w 960 384 960 400 0
w 960 432 960 464 0
w 912 416 912 464 0
w 912 464 912 528 0
w 912 464 880 464 0
w 960 544 960 576 0
w 880 304 800 304 0
w 1088 384 1088 576 0
w 1088 576 960 576 0
w 960 464 992 464 0
g 992 464 1008 464 0 0
w 1024 384 1088 384 0
c 960 464 960 512 4 1E-8 0.1426 0.001 0.001
d 992 544 992 512 2 1N5711
w 960 512 992 512 0
w 960 544 992 544 0
c 800 304 800 384 4 1E-7 0.1426 0.001 0.1
g 800 384 800 400 0 0
368 880 464 816 464 0 0
l 960 384 1024 384 0 0.0001 0.0004 0
l 880 304 960 304 0 0.001 0.0004 0
c 880 384 880 464 4 1E-9 0.1563 0.001 0.001
c 912 464 960 464 4 10E-12 -9.2615 0.001 0.001
c 1024 512 1024 544 4 1E-8 0.0049 0.001 0.001
w 1024 512 992 512 0
w 1024 544 992 544 0
l 752 240 800 240 0 1E-4 0 0
34 zener-12 1 1.7143528192810002e-7 0 2.0000000000000084 12 1
d 816 560 816 496 2 zener-12
d 816 560 816 608 2 zener-12
w 624 608 704 608 0
r 752 304 800 304 0 1000
w 704 416 704 496 0
w 1024 624 1104 624 0
d 928 624 896 672 2 default
g 880 576 880 592 0 0
o 5 64 7 135427 5 0.8 0 1 7.5E-5
o 24 64 0 4363 40 25.6 1 2 24 3
o 19 64 0 4363 0.0784 9.76563E-5 2 2 19 3
o 18 64 0 4355 0.625 0.0032 3 2 18 3
o 22 64 0 4355 0.625 0.0063 4 2 22 3
o 25 64 0 4355 40 0.0032 5 2 25 3
o 29 64 0 4355 0.0784 0.0032 6 2 29 3
o 27 64 0 4355 0.625 0.0016 7 2 27 3
o 33 64 0 4355 7.62939E-5 9.76563E-5 8 2 33 3
38 5 F1 0 0 2 -1 Voltage
