$ 1 1E-10 10.2003 61 5 50 5E-11
T 800 304 864 352 4 5E-5 5 1.29247E-6 0.0002 0.999
w 864 416 864 384 0
82 864 160 864 96 0 0 40 0.5 0 0 0.5
g 864 512 864 544 0 0
c 800 432 800 352 4 1E-10 0.3798 0.001 0.001
w 864 256 864 288 0
c 864 224 816 224 4 1E-7 0.4998 0.001 0.001
r 864 160 864 224 0 1
g 816 224 800 224 0 0
w 864 224 864 256 0
j 800 432 864 432 32 0.4 0.0013
w 800 288 864 288 0
w 864 304 864 288 0
w 800 288 800 304 0
w 864 352 864 384 0
162 976 400 1024 400 2 default-led 1 0 0 0.01
w 864 416 928 416 0
f 928 416 976 416 32 0.5 0.0013
w 864 304 976 304 0
w 1024 400 1024 448 0
w 976 432 976 448 0
w 976 448 976 512 0
368 928 416 928 448 0 0
l 976 304 976 400 0 1E-5 1.92906E-7 0
w 976 448 1024 448 0
w 864 448 864 512 0
w 864 512 800 512 0
c 752 432 752 512 4 10E-12 0.1493 0.001 0.001
d 800 512 800 432 2 1N4148
w 976 512 864 512 0
w 752 432 800 432 0
w 752 512 800 512 0
o 2 32 7 135427 5 0.05 0 1 0.0006
o 6 32 0 4355 0.625 0.0064 1 2 6 3
o 4 32 0 4355 0.6272 0.0032 2 2 4 3
o 15 32 0 4355 2.5 0.0031 3 2 15 3
o 22 32 0 4355 40 25.6 4 2 22 3
38 2 F1 0 0 2 -1 Voltage
