$ 1 1E-8 10.2003 45 5 50 5E-11
f 880 544 832 544 32 0.5 0.02
w 960 336 960 304 0
82 720 304 640 304 0 0 40 1 0 0 0.5
w 880 304 832 304 0
c 960 256 960 304 4 1E-6 0.9934 0.001 0.1
g 960 256 960 224 0 0
r 768 304 832 304 0 1
w 960 336 896 336 0
w 960 336 1040 336 0
w 1040 400 1040 432 0
T 928 480 992 496 0 1E-5 10 0.0026 0.0026 0.999
w 992 464 896 432 0
w 928 464 1040 432 0
w 832 560 832 608 0
g 832 608 832 624 0 0
w 832 480 832 528 0
c 880 256 880 304 4 2E-7 0.997 0.001 0.001
l 1040 336 1040 400 0 1E-5 0.0591 0
w 896 400 896 432 0
l 896 336 896 400 0 1E-5 0.0591 0
l 880 304 960 304 0 1E-4 0.003 0
c 928 544 992 544 4 1E-9 3.3349 0.001 0.001
w 880 544 928 544 0
w 928 512 928 544 0
w 992 512 992 544 0
w 928 464 928 480 0
w 992 464 992 480 0
c 896 400 1040 400 4 1E-7 2.8191 0.001 0.001
g 880 256 880 224 0 0
w 832 400 832 480 0
368 1088 544 1088 592 0 0
T 1216 352 1152 400 0 1E-5 10 -2.71224E-6 -1.87091E-7 0.999
w 1152 352 1152 528 0
w 1152 560 1152 592 0
g 1152 592 1152 608 0 0
162 1216 352 1216 400 2 default-led 1 0 0 0.01
w 768 304 720 304 0
f 1088 544 1152 544 32 0.5 0.02
w 1152 304 960 304 0
l 896 400 832 400 0 0.0001 1.95383E-7 0
34 zener-12 1 1.7143528192810002e-7 0 2.0000000000000084 12 1
z 1088 512 1088 544 2 zener-12
z 1088 512 1088 480 2 zener-12
g 1088 480 1088 464 0 0
c 1088 544 1040 544 4 1E-9 -1.0473 0.001 0.001
w 1040 544 992 544 0
w 1152 304 1152 288 0
w 1152 288 1216 288 0
w 1216 288 1216 304 0
g 1216 400 1216 416 0 0
o 2 64 7 4355 5 0.8 0 1 0.0196
o 21 64 0 4355 20 0.0125 1 2 21 3
o 30 64 0 37131 20 12.8 2 2 30 3
o 27 64 0 4363 5 0.4 3 2 27 3
o 35 64 7 135435 2.5 0.0248 4 1 0.0781
o 16 64 0 4355 5 0.0001 5 2 16 3
o 37 64 0 4355 20 0.0125 6 2 37 3
38 2 F1 0 0 2 -1 Voltage
