$ 1 1E-8 10.2003 50 5 50 5E-11
f 1056 544 1104 544 32 0.5 0.02
f 880 544 832 544 32 0.5 0.02
w 960 336 960 304 0
w 880 304 960 304 0
82 672 304 608 304 0 0 40 1.5 0 0 0.5
w 880 304 800 304 0
c 800 304 800 352 4 1E-7 1.6234 0.001 0.1
g 800 352 800 368 0 0
r 672 304 736 304 0 1
w 960 336 928 336 0
w 960 336 992 336 0
w 992 400 992 432 0
w 832 432 832 480 0
T 928 480 992 496 0 1E-5 1 0.0013 0.0013 0.999
w 992 464 928 432 0
w 928 464 992 432 0
w 832 560 832 608 0
w 1104 560 1104 608 0
w 880 608 928 608 0
w 1056 608 992 608 0
w 960 608 960 640 0
g 960 640 960 656 0 0
w 832 480 832 528 0
w 1104 480 1104 528 0
w 1056 608 1104 608 0
c 928 400 992 400 4 1E-7 2.9883 0.001 0.001
l 992 336 992 400 0 1E-5 0.1274 0
w 1104 432 1104 480 0
w 928 400 928 432 0
l 928 336 928 400 0 1E-5 0.1303 0
l 736 304 800 304 0 0.001 0.0068 0
c 928 544 992 544 4 1E-9 -2.9882 0.001 0.001
w 992 608 960 608 0
w 928 608 960 608 0
w 832 608 880 608 0
w 880 544 928 544 0
w 928 512 928 544 0
w 992 512 992 544 0
w 1056 544 992 544 0
w 928 464 928 480 0
w 992 464 992 480 0
d 736 272 800 272 2 1N5711
w 800 272 800 304 0
w 736 272 736 304 0
l 832 432 928 432 0 1E-6 -2.01045E-7 0
l 992 432 1104 432 0 1E-6 0.0029 0
o 4 64 7 4355 5 0.8 0 1 0.0391
o 31 64 0 4355 5 0.0031 1 2 31 3
o 6 64 0 4355 5 0.05 2 2 6 3
o 41 64 0 4355 0.625 9.76563E-5 3 2 41 3
o 25 64 7 4355 5 0.2 4 1 0.625
38 4 F1 0 0 2 -1 Voltage
