$ 1 5e-9 11.086722712598126 53 5 50 5e-11
406 768 400 896 432 0 0.000001 0.999 1,1:-4,-4 4 -0.010218759897809349 0.00008427669205102184 0.0025967499852739793 0.0025972177747640574 
w 768 432 768 448 0
w 896 432 896 448 0
f 688 352 688 400 32 0.5 0.02
f 688 528 688 480 32 0.5 0.02
w 672 400 608 400 0
w 672 480 608 480 0
w 608 400 608 432 0
w 736 352 768 352 0
w 736 480 768 480 0
w 736 400 768 400 0
w 832 352 768 352 0
w 768 528 736 528 0
R 720 448 656 448 0 0 40 1 0 0 0.5
g 544 480 544 512 0 0
c 896 352 896 400 4 1e-9 0.8830429236769701 0.001 0
c 896 480 896 528 4 1e-9 -0.9199762524798146 0.001 0
w 608 480 608 528 0
w 608 352 608 400 0
w 768 528 832 528 0
c 1088 400 1088 480 4 1e-9 1.3765238361498757 0.001 0.1
r 736 480 736 528 0 10000
r 736 352 736 400 0 10000
w 1024 400 1088 400 0
r 1088 480 1152 480 0 1
w 1088 400 1152 400 0
162 1152 400 1152 480 2 default-led 1 1 1 0.01
34 zener-12 1 1.7143528192810002e-7 0 2.0000000000000084 12 1
d 608 352 688 352 2 zener-12
d 608 528 688 528 2 zener-12
w 544 480 608 480 0
w 736 352 688 352 0
w 736 400 704 400 0
w 736 480 704 480 0
w 736 528 688 528 0
w 832 528 896 528 0
w 832 352 896 352 0
d 960 352 1024 352 2 1N5711
w 896 400 960 400 0
c 880 576 880 608 4 1e-9 -1.3851014000863364 0.001 0
w 960 432 896 432 0
c 912 256 912 288 4 1e-9 -1.6902830051062385 0.001 0
w 608 432 608 480 0
c 608 432 768 432 4 0.000001 -0.9009038924685878 0.001 0.1
d 1024 512 960 512 2 1N5711
w 896 480 960 480 0
w 1024 480 1088 480 0
g 960 432 992 432 0 0
r 720 448 768 448 0 10
w 1024 480 960 480 0
w 960 400 1024 400 0
o 13 16 7 135427 5 0.4 0 1 0.078125
o 3 16 0 4355 2.5 0.025 1 2 3 3
o 26 16 0 135425 5 0.025 2 2 26 3
o 15 16 0 4355 2.5 0.00078125 3 2 15 3
o 20 16 0 135427 5 0.025 4 2 20 3
o 38 16 0 4355 2.5 0.00009765625 5 2 38 3
o 42 16 0 4355 2.5 0.05 6 2 42 3
o 4 16 0 4355 2.5 0.025 7 2 4 3
