$ 1 1E-9 10.2003 41 5 50 5E-11
f 912 416 960 416 32 1.5 0.02
f 912 528 960 528 0 1.5 0.02
406 880 320 960 352 0 1E-5 0.999 -20:1\p1 3 -2.699E-5 0.0149 0.0137 
w 880 320 880 304 0
w 960 320 960 304 0
w 880 304 960 304 0
82 736 304 672 304 0 0 40 0.88 0 0 0.5
w 960 384 960 400 0
w 960 432 960 464 0
w 912 416 912 464 0
w 912 464 912 528 0
w 912 464 880 464 0
w 880 384 880 464 0
w 960 544 960 576 0
w 880 304 800 304 0
w 1088 352 1088 576 0
w 1088 576 960 576 0
w 960 464 992 464 0
g 992 464 1008 464 0 0
w 1024 352 1088 352 0
c 960 464 960 512 4 1E-7 0.721 0.001 0.001
d 992 544 992 512 2 1N5711
w 960 512 992 512 0
w 960 544 992 544 0
c 800 304 800 352 4 1E-7 0.8656 0.001 0.1
g 800 352 800 368 0 0
r 736 304 800 304 0 1
368 880 464 816 464 0 0
162 960 384 960 320 2 default-led 1 0 0 0.01
r 1024 256 1088 256 0 10
l 960 352 1024 352 0 1E-5 0.0012 0
r 1168 448 1168 496 0 100
d 992 512 992 464 2 1N4148
c 912 464 960 464 4 10E-12 8.5377 0.001 0.001
o 6 64 7 135427 5 0.8 0 1 0.1563
o 27 64 0 4355 40 51.2 1 2 27 3
o 21 64 0 4363 5 0.1 1 2 21 3
o 20 64 0 4355 1.25 0.05 2 2 20 3
o 28 64 7 135435 5 0.025 3 1 0.0781
o 24 64 0 4355 5 0.05 4 2 24 3
38 6 F1 0 0 2 -1 Voltage
