$ 1 1E-9 26.5957 52 20 50 5E-11
f 912 416 960 416 32 0.5 0.02
f 912 528 960 528 0 0.5 0.02
406 880 320 960 352 0 5E-6 0.999 -20:1\p1 3 0.0007 0.0001 0.0001 
w 880 320 880 304 0
w 960 320 960 304 0
82 672 304 608 304 0 0 40 0.7 0 0 0.5
w 960 384 960 400 0
w 960 432 960 464 0
w 912 416 912 464 0
w 912 464 912 528 0
w 912 464 880 464 0
w 960 544 960 576 0
w 1088 384 1088 576 0
w 1088 576 960 576 0
w 960 464 992 464 0
g 992 464 1008 464 0 0
w 1024 384 1088 384 0
c 960 464 960 512 4 1E-10 0.6097 0.001 0.001
w 960 512 992 512 0
w 960 544 992 544 0
c 800 304 800 384 4 1E-7 0.4214 0.001 0.1
g 800 384 800 400 0 0
368 880 464 816 464 0 0
l 960 384 1024 384 0 0.001 2.52351E-5 0
l 880 304 960 304 0 0.001 0.0002 0
c 880 384 880 464 4 1E-9 0.0689 0.001 0.001
c 912 464 960 464 4 10E-12 6.7885 0.001 0.001
c 992 512 992 544 4 1E-9 0.0014 0.001 0.001
34 zener-12 1 1.7143528192810002e-7 0 2.0000000000000084 12 1
d 832 384 880 384 2 zener-12
w 832 304 800 304 0
s 736 304 800 304 0 0 0
d 832 384 832 304 2 1N4148
l 832 304 880 304 0 1E-5 0.0009 0
c 1088 384 1088 304 4 10E-12 0.0293 0.001 0.001
w 960 304 1088 304 0
d 672 304 736 304 2 1N5711
o 5 64 7 135427 5 0.8 0 1 7.5E-5
o 22 64 0 4363 20 25.6 1 2 22 3
o 20 64 0 4355 1.25 0.0032 2 2 20 3
o 25 64 0 4355 0.1563 0.0016 3 2 25 3
o 17 64 0 4355 1.25 0.0008 4 2 17 3
o 27 64 0 4355 0.0781 0.0008 5 2 27 3
o 1 64 0 4355 0.0781 0.0016 6 2 1 3
o 26 64 0 4355 20 0.0016 7 2 26 3
o 31 64 0 4355 20 9.76563E-5 8 2 31 3
o 24 64 0 4355 5 0.0004 9 2 24 3
o 33 64 0 4355 5 0.0008 10 2 33 3
o 23 64 0 4355 5 0.0004 11 2 23 3
38 5 F1 0 0 2 -1 Voltage
