$ 1 1E-9 10.2003 55 5 50 5E-11
t 752 480 800 480 0 1 -2.2318 0.7268 60 default
w 800 464 800 416 0
34 zener-1.5 1 1.7143528192810002e-7 0 2.0000000000000084 1.5 1
z 752 480 752 352 2 zener-1.5
w 704 416 752 416 0
w 800 496 800 544 0
g 800 544 800 560 0 0
l 800 416 800 352 0 1E-6 0.1624 0
82 800 304 800 256 0 0 40 12 0 0 0.5
c 880 352 880 416 4 1E-7 2.1047 0.001 0.001
r 800 304 800 352 0 100
w 752 416 800 416 0
w 704 480 752 480 0
w 880 352 800 352 0
w 752 352 800 352 0
g 880 416 880 432 0 0
d 704 480 704 416 2 1N5712
w 656 416 704 416 0
w 656 480 704 480 0
c 656 416 656 480 4 1E-10 2.2318 0.001 0.001
o 2 16 0 4355 2.5 0.05 0 2 2 3
o 0 16 1 4355 10 0.0063 1 1
o 9 16 0 4355 20 0.2 2 2 9 3
38 7 F1 0 0 12 -1 Voltage
