$ 1 1e-9 7.010541234668786 43 5 50 5e-11
406 768 400 896 432 0 0.000009999999999999999 0.999 1,1:-5,-5 4 -0.00001367238606844236 0.00001369906567150333 0.00001332562423896172 -0.000013352314023947223 
w 768 432 768 448 0
w 896 432 896 448 0
f 688 352 688 400 32 0.5 0.02
f 688 528 688 480 32 0.5 0.02
w 672 400 608 400 0
w 672 480 608 480 0
w 608 432 608 480 0
w 736 352 768 352 0
w 736 480 768 480 0
w 736 400 768 400 0
w 832 352 768 352 0
w 768 528 736 528 0
R 768 448 704 448 0 0 40 1 0 0 0.5
g 608 528 608 560 0 0
c 896 352 896 400 4 1e-9 0.3254529975741884 0.001 0
c 896 480 896 528 4 1e-9 -0.3241194032051711 0.001 0
w 608 400 608 432 0
w 608 480 608 528 0
w 608 352 608 400 0
w 768 528 832 528 0
c 1024 400 1024 448 4 1e-8 0.0009767196899533013 0.001 0
d 896 400 960 400 2 1N5711
d 896 480 960 480 2 1N5711
r 768 480 768 528 0 50000
r 768 352 768 400 0 50000
w 960 400 960 480 0
w 960 400 1024 400 0
w 896 448 1024 448 0
r 1024 480 1088 480 0 10
w 1024 400 1088 400 0
162 1088 400 1088 480 2 default-led 1 1 1 0.01
34 zener-12 1 1.7143528192810002e-7 0 2.0000000000000084 12 1
d 608 352 688 352 2 zener-12
d 608 528 688 528 2 zener-12
w 704 432 768 432 0
c 608 432 704 432 4 0.000001 -0.999999999999978 0.001 0.1
w 736 352 688 352 0
w 736 400 704 400 0
w 736 480 704 480 0
w 736 528 688 528 0
g 1024 480 1024 512 0 0
w 832 528 896 528 0
w 832 352 896 352 0
w 1024 480 1024 448 0
o 13 16 7 135427 5 0.4 0 1 0.000152587890625
o 3 16 0 4355 5 0.00009765625 1 2 3 3
o 25 16 0 4355 5 0.00009765625 2 2 25 3
o 31 16 7 135427 5 0.05 3 1 0.0000762939453125
o 15 16 0 4355 0.625 0.00009765625 4 2 15 3
