$ 1 1E-8 10.2003 50 5 50 5E-11
f 1056 544 1104 544 32 0.5 0.02
f 880 544 832 544 32 0.5 0.02
w 960 336 960 304 0
82 736 304 672 304 0 0 40 1.5 0 0 0.5
w 880 304 800 304 0
c 960 256 960 304 4 1E-7 -1.4805 0.001 0.1
g 960 256 960 224 0 0
r 736 304 800 304 0 1
w 960 336 896 336 0
w 960 336 1040 336 0
w 1040 400 1040 432 0
w 832 432 832 480 0
T 928 480 992 496 0 1E-5 1 -1.47323E-5 1.50752E-5 0.999
w 992 464 896 432 0
w 928 464 1040 432 0
w 832 560 832 608 0
w 1104 560 1104 608 0
w 880 608 928 608 0
w 1056 608 992 608 0
w 960 608 960 640 0
g 960 640 960 656 0 0
w 832 480 832 528 0
w 1104 480 1104 528 0
w 1056 608 1104 608 0
c 880 256 880 304 4 2E-7 -1.4947 0.001 0.001
l 1040 336 1040 400 0 1E-5 0.136 0
w 1104 432 1104 480 0
w 896 400 896 432 0
l 896 336 896 400 0 1E-5 0.1432 0
l 880 304 960 304 0 0.001 0.0053 0
c 928 544 992 544 4 10E-12 0.7589 0.001 0.001
w 992 608 960 608 0
w 928 608 960 608 0
w 832 608 880 608 0
w 880 544 928 544 0
w 928 512 928 544 0
w 992 512 992 544 0
w 1056 544 992 544 0
w 928 464 928 480 0
w 992 464 992 480 0
l 832 432 896 432 0 0.001 0.0041 0
l 1040 432 1104 432 0 0.001 0.0031 0
d 928 608 928 544 2 default
d 992 608 992 544 2 default
w 1104 336 1104 432 0
c 896 400 1040 400 4 1E-7 0.7588 0.001 0.001
g 880 256 880 224 0 0
162 1040 432 976 432 2 default-led 1 0 0 0.01
l 896 432 976 432 0 1E-4 9.31808E-11 0
o 3 64 7 4355 5 0.8 0 1 0.0391
o 30 64 0 4355 2.5 9.76563E-5 1 2 30 3
o 47 64 7 135435 5 0.1 2 1 0.0195
38 3 F1 0 0 2 -1 Voltage
