$ 1 1e-9 54.00526672067058 40 5 50 5e-11
f 768 464 816 464 32 0.5 0.02
l 816 400 816 336 0 0.0001 -0.00000921269856728455 0
w 768 464 736 464 0
r 736 400 736 336 0 50000
w 736 336 816 336 0
c 736 464 736 544 0 1e-7 0.00437296844753048 0.001
l 736 544 816 544 0 0.00009999999999999999 0.00003240452192870183 0
w 816 544 816 512 0
w 816 512 816 480 0
w 816 544 880 544 0
w 816 336 880 336 0
c 880 336 880 400 0 0.0000010000000000000002 1.1711097682176124 0.001
w 880 400 880 544 0
w 880 544 960 544 0
v 960 448 960 336 0 0 40 7 0 0 0.5
w 960 448 960 544 0
r 880 336 960 336 0 100
c 736 400 816 400 0 1e-10 -1.1709107162436905 0.001
w 736 400 736 464 0
w 816 400 816 448 0
162 1104 464 1168 464 2 default-led 1 0 0 0.01
o 14 64 0 4097 10 0.1 0 2 14 3
o 5 64 0 4099 0.009765625 0.00009765625 1 2 5 3
o 1 64 0 4107 0.0390625 0.00009765625 2 2 1 3
o 3 64 0 4099 1.25 0.00009765625 3 2 3 3
o 6 64 0 4099 0.009765625 0.00009765625 4 2 6 3
o 11 64 0 4099 1.25 0.1 5 2 11 3
38 3 F1 0 0 100000 -1 Resistance
