$ 1 1e-9 42.05934401203833 51 5 50 5e-11
l 816 400 816 336 0 0.0001 -0.02599493210701759 0
w 768 464 736 464 0
r 736 400 736 336 0 5000
w 736 336 816 336 0
c 736 464 736 544 0 0.0000010000000000000002 -0.16790523143378733 0.001
l 736 544 816 544 0 0.00009999999999999999 0.00314753973487005 0
w 816 544 816 512 0
w 816 512 816 480 0
w 816 544 880 544 0
w 816 336 880 336 0
c 880 336 880 400 0 1e-7 2.9034499369394835 0.001
w 880 400 880 544 0
w 880 544 960 544 0
v 960 448 960 336 0 0 40 3 0 0 0.5
w 960 448 960 544 0
r 880 336 960 336 0 10
c 736 400 816 400 0 1e-9 0.05385953478090888 0.001
w 736 400 736 464 0
w 816 400 816 448 0
162 816 592 736 592 2 default-led 1 0 0 0.01
w 816 592 816 544 0
w 736 592 736 544 0
t 768 464 816 464 0 1 0.05385953478090888 0.6767329547869951 100 default
o 13 64 0 4097 10 0.2 0 2 13 3
o 4 64 0 4099 0.3125 0.05 1 2 4 3
o 0 64 0 4363 20 0.2 2 2 0 3
o 2 64 0 4099 5 0.0015625 3 2 2 3
o 5 64 0 4355 2.5 0.025 4 2 5 3
o 10 64 0 4099 5 0.1 5 2 10 3
o 19 64 0 4099 2.5 0.025 6 2 19 3
o 16 64 0 4099 20 0.05 7 2 16 3
o 22 64 6 4098 20 0.1 8 1
38 2 F1 0 0 100000 -1 Resistance
38 13 F1 0 0 10 -1 Voltage
