$ 1 1E-9 10.2003 39 5 50 5E-11
f 912 416 960 416 32 0.5 0.02
f 912 528 960 528 0 0.5 0.02
406 880 320 960 352 0 1E-5 0.999 -20:1\p1 3 0.0003 6.59563E-5 8.45228E-5 
w 880 320 880 304 0
w 960 320 960 304 0
82 800 304 736 304 0 0 40 0.24 0 0 0.5
w 960 384 960 400 0
w 960 432 960 464 0
w 912 416 912 464 0
w 912 464 912 528 0
w 912 464 880 464 0
w 960 544 960 576 0
w 880 304 800 304 0
w 1088 352 1088 576 0
w 1088 576 960 576 0
w 960 464 992 464 0
g 992 464 1008 464 0 0
w 1024 352 1088 352 0
c 960 464 960 512 4 1E-9 0.2486 0.001 0.001
d 992 544 992 512 2 1N5711
w 960 512 992 512 0
w 960 544 992 544 0
c 800 304 800 384 4 1E-7 0.24 0.001 0.1
g 800 384 800 400 0 0
368 880 464 816 464 0 0
l 960 352 1024 352 0 0.0001 -1.85665E-5 0
l 880 304 960 304 0 0.001 6.59563E-5 0
c 880 384 880 464 4 1E-9 0.0191 0.001 0.001
c 912 464 960 464 4 10E-12 1.81 0.001 0.001
c 1024 512 1024 544 4 1E-8 0.0009 0.001 0.001
w 1024 512 992 512 0
w 1024 544 992 544 0
o 5 64 7 135427 5 0.8 0 1 0.0006
o 24 64 0 4363 10 12.8 1 2 24 3
o 19 64 0 4363 0.0049 9.76563E-5 2 2 19 3
o 18 64 0 4355 0.625 0.0008 3 2 18 3
o 22 64 0 4355 0.625 9.76563E-5 4 2 22 3
o 25 64 0 4355 10 0.0008 5 2 25 3
o 29 64 0 4355 0.0049 0.0008 6 2 29 3
38 5 F1 0 0 2 -1 Voltage
