$ 1 1E-9 18.2789 57 3.3 50 5E-11
r 112 80 112 128 0 10000
r 384 80 384 128 0 10000
c 160 176 208 176 4 1E-9 0.3032 0.1 0
c 320 176 272 176 4 1E-8 0.8621 0.1 0
t 320 256 384 256 0 1 -8.2712 0.2595 100 default
w 208 176 272 256 0
w 272 176 208 256 0
t 160 256 112 256 0 1 0.5673 0.6111 100 default
82 64 80 16 80 0 0 40 10 0 0 0.5
x 173 207 193 210 4 16 C1
x 284 208 304 211 4 16 C2
x 85 260 106 263 4 16 Q1
x 390 259 411 262 4 16 Q2
368 384 176 448 176 1 0 TG
w 112 272 112 304 0
w 384 272 384 304 0
w 160 80 112 80 0
w 112 128 112 176 0
w 320 80 384 80 0
w 384 128 384 176 0
w 272 80 320 80 0
w 112 304 160 304 0
w 320 304 384 304 0
w 320 304 208 304 0
w 208 304 160 304 0
w 160 80 208 80 0
w 112 176 112 240 0
w 384 176 384 240 0
g 384 304 384 320 0 0
d 160 176 160 256 2 1N4148
d 320 176 384 176 2 1N5711
r 320 80 320 176 0 10000
c 112 80 112 32 4 1E-7 8.0149 0.001 0.001
g 112 32 112 16 0 0
r 64 80 112 80 0 1000
c 160 256 208 256 4 1E-9 0.5249 0.001 0.001
w 160 176 112 176 0
w 272 256 320 256 0
d 272 176 208 176 2 1N5712
d 208 304 208 256 2 default
w 272 80 208 80 0
o 13 128 0 37131 10 12.8 0 2 13 3
o 8 128 7 4355 5 0.0032 1 1 0.1563
o 4 128 1 4355 1.25 0.025 2 1
o 2 128 0 4355 0.625 0.025 3 2 2 3
o 3 128 0 4355 2.5 0.025 4 2 3 3
o 39 128 0 4355 1.25 0.0125 5 2 39 3
38 8 F1 0 0 3 -1 Voltage
