$ 1 1E-8 18.2789 67 3.3 50 5E-11
r 112 80 112 128 0 10000
r 384 80 384 128 0 10000
c 160 176 208 176 4 1E-9 0.03 0.1 0
c 320 176 272 176 4 1E-9 0.0851 0.1 0
t 320 256 384 256 0 1 0.8979 0.1019 100 default
w 208 176 272 256 0
w 272 176 208 256 0
t 160 256 112 256 0 1 0.4214 0.5534 100 default
82 0 80 -48 80 0 0 40 1 0 0 0.5
x 159 212 179 215 4 16 C1
x 317 213 337 216 4 16 C2
x 85 260 106 263 4 16 Q1
x 390 259 411 262 4 16 Q2
368 384 176 448 176 1 0 TG
174 208 144 272 144 1 50000 0.797 R
r 240 80 240 128 0 10000
w 208 144 208 176 0
w 272 144 272 176 0
w 112 272 112 304 0
w 384 272 384 304 0
w 160 80 112 80 0
w 112 128 112 176 0
w 320 80 384 80 0
w 384 128 384 176 0
w 240 80 320 80 0
w 112 304 208 304 0
w 320 304 384 304 0
w 320 304 240 304 0
w 240 304 208 304 0
w 160 80 240 80 0
w 112 176 112 240 0
w 384 176 384 240 0
g 384 304 384 320 0 0
l 48 80 112 80 0 1E-6 0.0002 0
d 160 176 160 256 2 1N4148
d 320 176 384 176 2 1N4148
r 320 80 320 176 0 10000
r 160 80 160 176 0 10000
c 112 80 112 32 4 1E-6 0.9998 0.001 0.001
g 112 32 112 16 0 0
r 0 80 48 80 0 1
c 160 256 208 256 4 1E-9 0.417 0.001 0.001
w 160 176 112 176 0
w 272 256 320 256 0
o 13 128 0 4363 1.25 1.6 0 2 13 3
o 8 128 7 4355 5 0.0032 1 1 0.0003
o 2 128 0 4355 1.25 0.0125 2 2 2 3
o 3 128 0 4355 0.3125 9.76563E-5 3 2 3 3
o 38 128 0 4355 1.25 0.0004 4 2 38 3
38 8 F1 0 0 3 -1 Voltage
