$ 1 1E-8 23.4706 48 5 43 5E-11
t 208 256 160 256 0 1 0.5255 0.2448 100 default
w 256 128 256 16 0
w 160 16 80 16 0
c 80 16 80 64 4 1E-6 0.7036 0.001 0.1
r 16 16 16 80 0 10
c 320 256 320 160 4 6.8E-8 0.5134 0.001 0
w 160 176 160 240 0
406 256 160 160 208 0 9E-5 0.999 1\p1\p1:1 4 -3.15012E-7 1.28978E-9 -2.30062E-13 -6.28282E-10 
l 16 16 80 16 0 0.001 0.0002 0
w 160 272 160 304 0
w 80 64 80 304 0
w 128 304 160 304 0
118 16 160 16 80 0 0 40 0.7 0 0 0.5
w 16 160 16 304 0
w 16 304 80 304 0
w 256 16 160 16 0
c 400 64 400 192 4 6.8E-8 18.6309 0.001 0
w 320 256 400 256 0
d 320 64 400 64 2 1N5711
d 320 16 320 64 2 1N5711
s 400 64 448 64 0 1 0
403 192 -144 320 -80 0 16_128_7_4355_10_0.0004_-1_1_0.0001
403 480 128 608 192 0 16_128_0_4355_20_0.0001_-1_2_16_3
403 192 -80 320 -16 0 19_128_7_4363_10_0.0008_-1_1_7.5E-5
w 128 304 80 304 0
w 400 192 400 256 0
162 448 64 448 256 2 default-led 1 0 0 0.01
368 160 240 112 240 0 0
368 448 256 448 304 0 0
w 256 256 320 256 0
w 320 16 256 16 0
c 256 64 320 64 4 6.8E-8 0.9157 0.001 0
g 16 304 16 320 0 0
w 400 256 448 256 0
r 160 64 160 160 0 1000000
w 208 176 288 176 0
w 288 176 288 96 0
w 288 96 256 96 0
w 208 176 160 176 0
r 256 256 208 256 0 1000
d 256 256 256 160 2 1N5711
w 320 160 256 160 0
o 5 128 0 4355 0.625 0.0001 0 2 5 3
o 3 128 0 4355 1.25 0.0032 1 2 3 3
o 12 128 7 135427 2.5 0.0062 2 1 0.0024
o 26 128 7 135435 2.5 0.0016 3 1 7.62939E-5
o 27 128 0 4354 5 1.6 4 2 27 3
o 28 128 0 4355 1.25 1.6 5 2 28 3
o 0 128 2 4355 1.25 9.76563E-5 6 1
o 19 128 0 4354 2.5 0.0126 7 2 19 3
o 18 128 0 4355 20 9.76563E-5 7 2 18 3
o 31 128 0 4354 2.5 0.05 8 2 31 3
o 40 128 0 4355 0.625 9.76563E-5 9 2 40 3
38 12 F1 0 0 2 -1 Voltage
