$ 1 5E-11 23.4706 48 5 43 5E-11
t 208 256 160 256 0 1 -1.7885 0.6756 30 default
w 256 128 256 16 0
w 160 16 80 16 0
c 80 16 80 64 4 1E-6 0.6857 0.001 0.1
r 16 16 16 80 0 1
c 256 160 320 160 4 1E-7 0.1958 0.001 0
w 160 176 160 240 0
406 256 160 160 208 0 9E-5 0.999 1\p1\p1:-10 4 0.0005 0.0049 0.0048 0.0011 
l 16 16 80 16 0 1E-6 0.0155 0
w 160 272 160 304 0
w 80 64 80 160 0
w 128 304 160 304 0
118 16 160 16 80 0 0 40 0.7 0 0 0.5
w 16 160 16 304 0
w 16 304 80 304 0
w 256 16 160 16 0
w 128 304 80 304 0
368 160 240 112 240 0 0
368 208 256 208 304 0 0
w 272 256 320 256 0
w 320 16 256 16 0
c 256 64 320 64 4 1E-8 0.2153 0.001 0
g 16 304 16 320 0 0
w 208 176 272 176 0
w 272 176 272 96 0
w 272 96 256 96 0
w 208 176 160 176 0
r 272 256 208 256 0 100
d 208 256 256 160 2 1N4148
162 320 64 320 16 2 default-led 1 0 0 0.01
w 320 160 320 256 0
r 272 176 272 256 0 50000
c 160 64 160 160 4 1E-9 0.2979 0.001 0.001
g 160 160 128 160 0 0
d 160 64 160 16 2 1N5711
w 80 160 80 304 0
l 320 64 320 112 0 1E-5 0.0004 0
d 320 112 320 160 2 default
d 384 64 320 64 2 default
w 384 64 384 176 0
w 272 176 384 176 0
o 12 128 7 135427 2.5 0.0062 0 1 0.0192
o 18 128 0 4355 1.25 1.6 1 2 18 3
o 0 128 1 4355 1.25 0.0124 2 1
o 21 128 0 4355 1.25 0.1 3 2 21 3
o 28 128 0 4355 1.25 9.76563E-5 4 2 28 3
o 29 128 7 135427 10 0.0125 5 1 0.624
o 34 128 0 4355 1.25 0.0001 6 2 34 3
o 3 128 0 4355 1.25 0.2 7 2 3 3
o 32 128 0 4355 5 0.0125 8 2 32 3
38 12 F1 0 0 2 -1 Voltage
