$ 1 10E-12 23.4706 48 5 43 5E-11
t 208 256 160 256 0 1 0.5347 0.6801 30 default
w 256 128 256 16 0
w 160 16 80 16 0
c 80 16 80 64 4 1E-6 0.5435 0.001 0.1
r 16 16 16 80 0 10
c 256 160 320 160 4 1E-7 0.0136 0.001 0
w 160 176 160 240 0
406 256 160 160 208 0 9E-5 0.999 1\p1\p1:-10 4 0.001 0.0229 0.0031 0.0009 
l 16 16 80 16 0 0.001 0.0176 0
w 160 272 160 304 0
w 80 64 80 160 0
w 128 304 160 304 0
118 16 160 16 80 0 0 40 0.7 0 0 0.5
w 16 160 16 304 0
w 16 304 80 304 0
w 256 16 160 16 0
d 320 16 320 64 2 1N5711
403 192 -80 320 -16 0 16_128_7_4363_10_0.0008_-1_1_0.0048
w 128 304 80 304 0
368 160 240 112 240 0 0
368 208 256 208 304 0 0
w 272 256 320 256 0
w 320 16 256 16 0
c 256 64 320 64 4 1E-7 0.1761 0.001 0
g 16 304 16 320 0 0
w 208 176 272 176 0
w 272 176 272 96 0
w 272 96 256 96 0
w 208 176 160 176 0
r 272 256 208 256 0 100
d 208 256 256 160 2 1N4148
162 320 64 320 160 2 default-led 1 0 0 0.01
w 320 160 320 256 0
r 272 176 272 256 0 50000
c 160 64 160 160 4 10E-12 0.75 0.001 0.001
g 160 160 128 160 0 0
d 160 64 160 16 2 1N5711
w 80 160 80 304 0
o 12 128 7 135427 2.5 0.0062 0 1 0.0192
o 19 128 0 4354 5 1.6 1 2 19 3
o 20 128 0 4355 1.25 0.8 2 2 20 3
o 0 128 1 4355 1.25 0.0031 3 1
o 16 128 0 4354 2.5 0.0126 4 2 16 3
o 23 128 0 4355 0.3125 0.0125 5 2 23 3
o 30 128 0 4355 0.3125 9.76563E-5 6 2 30 3
o 31 128 7 135427 10 0.0125 7 1 0.0195
o 36 128 0 4355 0.625 0.0016 8 2 36 3
38 12 F1 0 0 2 -1 Voltage
