$ 1 1E-10 10.2003 50 5 50 5E-11
f 800 384 864 384 0 0.5 0.02
T 736 336 800 384 0 1E-5 5 0.0038 0.0005 0.999
w 864 368 864 336 0
w 864 336 800 336 0
82 864 272 864 208 0 0 40 0.6 0 0 0.5
w 864 400 864 448 0
w 864 448 800 448 0
w 736 448 736 384 0
g 672 336 672 368 0 0
w 800 448 736 448 0
34 zener-12 1 1.7143528192810002e-7 0 2.0000000000000084 12 1
z 800 416 800 384 2 zener-12
z 800 416 800 448 2 zener-12
162 928 336 928 400 2 default-led 1 0 0 0.01
l 672 336 736 336 0 1E-5 0.0058 0
c 736 304 800 304 4 1E-8 0.6027 0.001 0.001
368 800 448 800 480 0 0
w 736 336 736 304 0
w 800 336 800 304 0
w 864 336 928 336 0
l 864 400 928 400 0 1E-6 0.0038 0
c 800 336 800 384 4 10E-13 10.6783 0.001 0.001
l 864 272 864 336 0 1E-5 0.0058 0
o 0 32 0 4355 5 0.025 0 2 0 3
o 12 32 7 135435 2.5 0.0063 1 1 0.0391
o 4 32 7 135427 5 0.05 2 1 0.0098
o 14 32 0 4355 1.25 0.025 3 2 14 3
o 15 32 0 4355 5 6.4 4 2 15 3
o 10 32 0 4355 10 9.76563E-5 5 2 10 3
o 21 32 0 4355 0.0098 0.025 6 2 21 3
38 4 F1 0 0 2 -1 Voltage
