$ 1 1E-9 10.2003 50 5 50 5E-11
f 800 384 864 384 0 0.5 0.02
T 736 336 800 384 0 5E-5 10 0.0007 -1.71435E-7 0.999
w 864 368 864 336 0
w 864 336 800 336 0
82 864 272 864 208 0 0 40 0.6 0 0 0.5
w 864 400 864 448 0
w 864 448 800 448 0
w 736 448 736 384 0
g 672 336 672 368 0 0
w 800 448 736 448 0
34 zener-12 1 1.7143528192810002e-7 0 2.0000000000000084 12 1
z 800 416 800 384 2 zener-12
z 800 416 800 448 2 zener-12
162 928 336 928 400 2 default-led 1 0 0 0.01
l 672 336 736 336 0 1E-4 0.0056 0
c 736 304 800 304 4 1E-7 0.5846 0.001 0.001
368 800 384 800 352 0 0
w 736 336 736 304 0
w 800 336 800 304 0
w 864 336 928 336 0
l 864 400 928 400 0 1E-5 -4.50071E-5 0
c 736 384 736 336 4 1E-9 0.6749 0.001 0.001
l 864 272 864 336 0 1E-4 0.0056 0
o 0 32 0 4355 5 0.05 0 2 0 3
o 12 32 7 135433 2.5 0.0125 0 1 0.0391
o 4 32 7 135427 5 0.05 1 1 0.0195
o 14 32 0 4355 1.25 0.025 2 2 14 3
o 15 32 0 4355 20 25.6 3 2 15 3
o 10 32 0 4355 10 0.0063 3 2 10 3
o 21 32 0 4355 0.1563 0.025 4 2 21 3
38 4 F1 0 0 2 -1 Voltage
