$ 1 5E-9 10.2003 50 5 50 5E-11
f 800 384 864 384 0 0.5 0.02
T 736 336 800 384 0 1E-5 20 0.0032 -1.71433E-7 0.999
w 864 368 864 336 0
82 864 272 864 208 0 0 40 0.4 0 0 0.5
w 928 448 864 448 0
w 736 448 736 384 0
g 672 336 672 368 0 0
w 800 448 736 448 0
34 zener-12 1 1.7143528192810002e-7 0 2.0000000000000084 12 1
z 800 416 800 384 2 zener-12
z 800 416 800 448 2 zener-12
l 672 336 736 336 0 0.0001 0.0071 0
368 800 384 800 352 0 0
w 928 448 1008 448 0
c 736 384 736 336 4 1E-8 0.4942 0.001 0.001
162 1008 336 1008 272 2 default-led 1 0 0 0.01
l 864 272 864 336 0 1E-4 0.0074 0
406 928 400 1008 400 1 1E-5 0.999 1:5 2 0.0074 -7.23365E-5 
w 928 336 928 368 0
w 1008 368 1008 336 0
w 864 400 864 448 0
c 928 400 928 448 4 1E-7 0.4042 0.001 0.001
w 864 336 928 336 0
w 928 272 864 272 0
l 864 448 800 448 0 0.001 0.0071 0
w 1008 400 1008 448 0
c 1008 368 1008 400 4 10E-12 2.5432 0.001 0.001
r 928 272 1008 272 0 1
r 800 336 864 336 0 10000
o 0 32 0 4355 2.5 0.05 0 2 0 3
o 3 32 7 135427 5 0.05 1 1 0.0049
o 11 32 0 4355 20 25.6 2 2 11 3
o 8 32 0 4355 20 0.0002 3 2 8 3
o 13 32 0 4355 0.625 0.0252 4 2 13 3
o 14 32 7 135435 20 0.0031 5 1 0.0096
o 14 32 0 4355 10 0.0063 6 2 14 3
o 15 32 0 4355 10 0.0125 7 2 15 3
o 23 32 0 4353 0.625 0.0125 8 2 23 3
38 3 F1 0 0 2 -1 Voltage
