$ 1 1e-8 1.4391916095149893 54 5 43 5e-11
406 208 160 304 208 0 0.00009999999999999999 0.999 1,1:-1,-1 4 -0.0002919832784382048 0.007564688203779172 3.469446951953614e-18 3.149999983180496e-7 
t 176 304 208 304 0 1 0.5554537989942827 0.6493134032396011 100 default
w 208 240 208 288 0
w 208 320 208 368 0
w 208 192 208 208 0
r 176 304 112 304 0 1000
w 112 256 112 160 0
w 112 160 208 160 0
r -16 208 32 208 0 10
R -16 208 -16 256 0 0 40 0.6 0 0 0.5
g 208 368 208 400 0 0
w 304 208 336 208 0
c 560 192 560 112 0 1e-11 0.0010000000000000026 0.001
w 256 368 208 368 0
c 464 288 464 368 0 1e-9 -2.0632353913121992 0.001
d 336 96 208 96 2 1N5711
162 320 288 368 288 2 default-led 1 0 0 0.01
162 368 288 416 288 2 default-led 1 0 0 0.01
162 416 288 464 288 2 default-led 1 0 0 0.01
c 128 416 128 464 0 0.00001 0.1544961560432576 0.001
w 320 368 464 368 0
d 464 288 464 240 2 1N5711
w 320 368 256 368 0
c 32 208 32 368 0 1e-8 0.5254765427937473 0.001
w 32 208 144 208 0
w 304 240 464 240 0
r 144 208 208 208 0 1
w 176 368 208 368 0
w 32 368 112 368 0
w 176 368 112 368 0
w 432 416 432 448 0
d 176 336 112 336 2 1N5711
w 112 304 112 336 0
w 176 304 176 336 0
w 208 128 336 128 0
w 336 208 336 144 0
c 320 288 320 368 0 1e-11 0.7810772955080658 0.001
w 112 256 112 304 0
d 208 288 320 288 2 1N5711
w 208 144 208 160 0
c 656 368 544 368 0 1e-8 -0.38827487641585723 0.001
g 432 144 432 160 0 0
w 336 144 432 144 0
w 528 384 528 416 0
d 240 400 288 400 2 1N5711
l 400 400 400 448 0 0.000009999999999999999 0 0
d 256 448 256 416 2 1N5711
o 15 2 0 4099 0.0000762939453125 0.00009765625 0 2 15 3
o 16 2 0 4107 2.5 0.025 1 2 16 3
o 1 2 5 4098 10 0.1 2 1
o 31 2 0 4099 5 0.00009765625 3 2 31 3
o 19 2 0 4099 0.15625 0.00009765625 4 2 19 3
o 23 2 0 4099 2.5 0.0125 5 2 23 3
o 35 2 0 4099 0.0000762939453125 0.0125 6 2 35 3
o 40 2 0 4099 2.5 0.00009765625 7 2 40 3
o 15 2 0 4099 0.0000762939453125 0.00009765625 8 2 15 3
o 10 2 0 4099 0.0000762939453125 0.05 9 2 10 3
38 9 F1 0 0 4 -1 Voltage
38 19 F1 0 0 1.0000000000000001e-7 -1 Capacitance
