$ 1 1e-9 45.7144713268909 43 5 50 5e-11
T 640 528 704 592 14 0.000009999999999999999 0.1 0.000008798935359671813 -0.007903995645698747 0.999
t 640 480 640 432 1 1 -0.6247409288579626 0.3204414773591912 100 default
c 704 528 704 480 2 1e-10 0.3233464884625245 0.001
c 576 528 576 592 2 0.000001 0.9445069407466559 0.001
w 768 528 768 592 0
w 704 432 768 432 0
w 624 432 576 432 0
r 640 480 576 480 0 71000
w 768 432 768 480 0
w 576 432 576 480 0
w 576 592 640 592 0
w 768 432 768 368 0
162 720 672 672 672 2 default-led 1 0 0 0.01
v 640 320 576 320 0 0 40 1 0 0 0.5
w 704 368 768 368 0
w 576 480 576 528 0
w 768 480 768 528 0
w 640 528 624 528 0
w 624 528 624 608 0
w 704 528 720 528 0
w 720 528 720 672 0
r 624 672 672 672 0 50
c 576 368 640 368 0 0.000009999999999999999 0.9788884284816216 0.001
w 640 368 704 368 0
r 576 320 576 368 0 10
w 624 608 624 672 0
c 640 480 640 528 0 1.0000000000000001e-7 0.003842912051574443 0.001
w 704 480 704 432 0
w 656 432 704 432 0
w 704 592 768 592 0
l 576 368 576 432 0 0.0000049999999999999996 0.007912818829589982 0
w 640 320 640 368 0
x 711 492 748 495 4 10 Частота
g 816 368 816 400 0 0
w 816 368 768 368 0
o 3 256 0 4107 2.5 6.4 0 2 3 3
o 2 256 0 4363 20 0.8 0 2 2 3
o 12 256 0 4361 20 0.1 1 2 12 3
o 22 256 0 4105 1.25 0.1 1 2 22 3
o 13 256 7 4353 5 0.0125 2 1 0.01953125
o 12 256 0 4105 20 0.1 2 2 12 3
o 1 256 6 4098 5 0.1 3 1
o 34 256 0 4353 0.0000762939453125 0.2 4 2 34 3
38 13 F1 0 0 4 -1 Voltage
38 2 F1 0 0 1e-10 -1 Частота
38 7 F1 0 0 100000 -1 R1
