$ 1 5e-10 8.281975887399955 47 5 50 5e-11
t 560 432 560 384 0 1 0.5870359581600954 0.6336152943379724 100 default
t 704 432 704 384 0 -1 -0.5627012370794677 -0.6307219197424708 100 default
l 608 384 656 384 0 0.00009999999999999999 -0.0025704586458770605 0
w 656 384 656 496 0
r 560 432 560 496 0 10
r 704 432 704 480 0 100
w 656 496 560 496 0
w 608 384 608 480 0
w 608 480 704 480 0
w 576 384 608 384 0
w 656 384 688 384 0
w 544 384 480 384 0
w 720 384 800 384 0
R 864 384 864 336 0 0 40 1.16 0 0 0.5
r 864 384 800 384 0 130
c 800 384 800 432 0 1e-8 0.70926269537683 0.001
g 800 544 800 560 0 0
w 752 320 656 320 0
w 800 384 800 320 0
c 656 320 656 384 0 1e-11 0.0680206826630031 0.001
w 752 320 800 320 0
w 800 320 800 256 0
w 608 320 608 256 0
d 656 544 656 496 2 1N5711
w 656 544 800 544 0
w 800 432 800 544 0
w 480 432 480 496 0
162 608 256 656 256 2 default-led 1 0 0 0.01
162 656 256 704 256 2 default-led 1 0 0 0.01
162 704 256 752 256 2 default-led 1 0 0 0.01
162 752 256 800 256 2 default-led 1 0 0 0.01
w 656 544 560 544 0
w 560 544 480 544 0
c 576 320 576 384 0 1e-8 -0.2789402723227826 0.001
w 576 320 608 320 0
w 480 496 480 544 0
w 480 384 480 432 0
d 608 384 608 320 2 1N5711
d 480 384 480 320 2 1N5711
w 480 320 576 320 0
o 15 64 0 4099 2.5 0.025 0 2 15 3
o 2 64 0 4099 10 0.003125 1 2 2 3
o 16 64 0 4099 0.0000762939453125 0.00625 2 2 16 3
o 19 64 0 4099 2.5 0.025 3 2 19 3
o 33 64 0 4099 0.625 0.003125 4 2 33 3
o 27 64 0 4107 2.5 0.003125 5 2 27 3
o 38 64 0 4099 10 0.00009765625 6 2 38 3
o 4 64 0 4099 0.3125 0.025 7 2 4 3
o 23 64 0 4099 5 0.0125 8 2 23 3
38 13 F1 0 0 4 -1 Voltage
38 14 F1 0 0 1000 -1 Resistance
