$ 1 5e-10 72.29451344610798 39 5 50 5e-11
T 624 464 688 528 14 0.000009999999999999999 0.3333333333333333 0.02587009053038499 -0.0196916231825751 0.999
t 624 416 624 368 1 1 0.554435953283881 0.5994373311247174 100 default
c 688 464 688 416 6 1e-8 -0.6214432889179109 0.001 0
c 560 464 560 528 6 0.000009999999999999999 0.2197824223019359 0.001 0
w 608 368 560 368 0
r 624 416 560 416 0 50000
w 752 368 752 416 0
w 560 368 560 416 0
w 560 528 624 528 0
162 704 592 608 592 2 default-led 1 0 0 0.01
v 688 256 624 256 0 0 40 1 0 0 0.5
w 688 304 752 304 0
w 560 416 560 464 0
w 752 416 752 464 0
w 624 464 608 464 0
w 608 464 608 544 0
w 688 464 704 464 0
w 704 464 704 544 0
c 608 304 688 304 4 0.00009999999999999999 0.4348675480897921 0.001 0
w 560 304 608 304 0
r 560 256 624 256 0 1
c 624 416 624 464 4 1e-8 -0.6228106230325959 0.001 0
w 688 416 688 368 0
w 640 368 688 368 0
w 688 528 752 528 0
l 560 304 560 368 0 0.00009999999999999999 0.020433818402524735 0
x 695 428 732 431 4 10 Частота
c 752 464 752 528 6 0.000009999999999999999 -0.21778242265679854 0.001 0
c 608 544 704 544 4 1e-8 1.8436912430752241 0.001 0
l 688 368 752 368 0 0.000001 0.0009937086731548138 0
l 752 304 752 368 0 0.000009999999999999999 -0.020685331853678136 0
d 688 416 624 416 2 1N4148
s 752 256 752 304 0 1 false
d 688 304 688 368 2 1N4148
w 560 256 560 304 0
w 688 256 752 256 0
d 608 368 608 304 2 1N4148
368 400 384 464 352 0 0
c 464 400 464 464 4 0.000001 -0.1768329474301702 0.001 0
c 896 400 896 464 4 0.000001 -0.30609591108353223 0.001 0
w 608 544 608 592 0
l 704 544 704 592 0 0.00009999999999999999 -9.319878764251294e-11 0
o 9 1024 0 135433 10 0.0125 0 2 9 3
o 10 1024 7 135431 5 0.05 0 1 0.0000762939453125
o 18 1024 0 4355 1.25 0.1 0 2 18 3
o 21 1024 0 4355 5 0.2 1 2 21 3
o 28 1024 0 4363 10 0.8 2 2 28 3
o 29 1024 0 4355 5 0.8 3 2 29 3
o 9 1024 0 4355 10 0.00625 3 2 9 3
o 33 1024 0 4353 2.5 0.0125 4 2 33 3
o 36 1024 0 4353 5 0.00625 4 2 36 3
o 1 1024 5 4355 20 0.1 5 1
o 25 1024 0 4355 5 0.1 6 2 25 3
o 30 1024 0 4355 2.5 0.1 6 2 30 3
o 37 1024 0 4354 0.0000762939453125 1.6 7 2 37 3
o 27 1024 0 4353 2.5 0.4 8 2 27 3
o 3 1024 0 4353 2.5 0.4 8 2 3 3
38 10 F1 0 0 4 -1 Voltage
