$ 1 5.0000000000000004e-8 9.001713130052181 46 5 50 5e-11
w 240 -32 240 16 0
w 240 16 288 16 0
w 288 16 384 16 0
r 112 80 112 128 0 5000
r 384 80 384 128 0 5000
c 112 176 208 176 4 1e-8 0.5455680511821162 0.001 0
c 384 176 272 176 4 1e-8 2.405031099850607 0.001 0
t 288 256 384 256 0 1 -3.512123073686361 -0.5018084765116293 100 default
w 208 176 288 256 0
w 272 176 208 256 0
t 208 256 112 256 0 1 0.5615239226536379 0.6052834973241248 100 default
R -64 16 -112 16 0 0 40 1.02 0 0 0.5
g 496 192 496 224 0 0
x 159 212 179 215 4 16 C1
x 317 213 337 216 4 16 C2
x 85 260 106 263 4 16 Q1
x 390 259 411 262 4 16 Q2
368 448 176 448 208 0 0
174 208 144 272 128 1 10000 0.7475 Resistance
r 240 80 240 128 0 10000
w 208 144 208 176 0
w 272 144 272 176 0
f 448 176 496 176 0 0.5 0.02
w 112 272 112 304 0
w 384 272 384 304 0
406 592 128 496 176 0 0.001 0.999 -3:1 2 -0.0015753272153129082 -0.011403697407761556 
w 496 128 496 160 0
w 496 16 496 96 0
162 688 48 592 48 2 default-led 1 0 0 0.01
c 208 256 288 256 4 1e-9 1.107091973835754 0.001 0
w 48 80 48 144 0
g 112 304 112 320 0 0
g 384 304 384 320 0 0
w 496 16 384 16 0
w 688 48 688 128 0
w 688 128 592 128 0
w 240 80 112 80 0
w 112 128 112 176 0
w 288 80 384 80 0
w 384 128 384 176 0
c 112 80 64 80 4 0.0000010000000000000002 3.8001694219176345 0.001 0.1
g 64 80 64 112 0 0
c 592 96 592 128 4 5.0000000000000004e-8 -1.5966831990802037 0.001 0
d 496 128 448 128 2 1N5711
r 384 176 448 176 0 1
w 240 80 288 80 0
l 592 96 592 48 0 0.000009999999999999999 -0.0014327644767589802 0
w 448 128 448 80 0
w 448 80 384 80 0
r 240 16 240 80 0 100000
t -32 224 0 224 0 1 -4.962712554413733 -0.651417813415594 100 default
T -48 144 0 176 4 0.00009999999999999999 1 -0.0023129368801819558 -0.07616518165745184 0.999
w 0 176 0 208 0
w -48 80 -48 144 0
w -32 224 -48 224 0
w 0 240 0 272 0
g 0 272 0 288 0 0
d 0 176 48 176 2 1N4148
r -48 176 -48 224 0 500
w -48 80 0 80 0
c -48 80 -96 80 4 1.0000000000000001e-7 1.251750356851614 0.001 0.1
g -96 80 -96 96 0 0
c 48 176 48 272 4 1.0000000000000001e-7 4.276633815002758 0.001 0
w 48 272 0 272 0
w 0 80 0 144 0
d -48 272 -48 224 2 1N4148
w -48 272 0 272 0
T 0 16 48 32 0 0.000009999999999999999 1 -0.019869207682984134 -0.021557859602007685 0.999
w 0 48 0 80 0
w 48 48 48 80 0
w 48 16 112 16 0
w 384 176 384 240 0
w 112 176 112 240 0
w 48 144 48 176 0
l -64 16 0 16 0 0.00009999999999999999 0.0518557691234085 0
c 0 144 0 176 4 1e-7 -3.0613000116716322 0.001 0
w 112 16 112 80 0
w 240 -32 0 -32 0
w 0 -32 0 16 0
c 0 -32 0 -80 4 0.000001 0.775546294650736 0.001 0
g 0 -80 0 -96 0 0
o 17 64 0 4362 5 6.4 0 2 17 3
o 28 64 7 135434 10 0.05 1 1 0.0390625
o 11 64 7 135427 5 0.4 2 1 0.3125
o 28 64 0 4354 10 0.05 3 2 28 3
o 40 64 0 4355 5 0.2 4 2 40 3
o 57 64 0 135425 2.5 0.2 5 2 57 3
o 50 64 5 37131 10 0.1 6 1
o 75 64 0 4363 5 0.8 7 2 75 3
o 42 64 0 4355 10 0.025 8 2 42 3
38 11 F1 0 0 3 -1 Voltage
