$ 1 1e-9 4.621633621589249 50 5 50 5e-11
R 64 32 32 32 0 0 40 0.6 0 0 0.5
c 272 112 352 112 0 1e-8 0.30643900568868254 0.001
l 352 112 352 224 0 0.001 -0.0004369636413596867 0
d 352 112 432 112 2 1N5711
w 272 144 272 112 0
w 272 176 272 224 0
w 272 224 352 224 0
g 352 224 352 240 0 0
c 432 112 432 224 0 1e-11 1.298150531633888 0.001
w 432 224 352 224 0
w 496 224 432 224 0
w 432 112 496 112 0
T 208 64 272 112 4 0.00009999999999999999 0.3333333333333333 0.000302316137024464 -0.008097137440050611 0.999
w 272 64 272 32 0
w 272 32 208 32 0
w 208 32 208 64 0
c 128 32 128 96 0 1e-7 0.311343761984895 0.001
r 64 32 128 32 0 50
g 128 96 128 112 0 0
w 128 32 208 32 0
162 496 112 496 16 2 default-led 1 0 0 0.01
162 528 112 528 16 2 default-led 1 0 0 0.01
t 208 160 272 160 0 1 0.5555302016486511 0.6522792505240527 100 default
r 208 112 208 160 0 1000
w 496 16 272 16 0
w 272 16 272 32 0
o 2 4 0 20482 20 0.8 0 2 2 3
o 3 4 0 4099 10 0.05 1 2 3 3
o 1 4 0 4099 1.25 0.05 2 2 1 3
o 17 4 0 4097 0.625 0.05 3 2 17 3
o 20 4 0 4097 5 0.2 4 2 20 3
o 16 4 0 4099 2.5 0.0125 5 2 16 3
38 0 F1 0 0 4 -1 Voltage
