$ 1 1e-8 15.472767971186109 43 5 50 5e-11
w 240 -32 240 16 0
w 240 16 320 16 0
w 320 16 384 16 0
r 112 80 112 128 0 5000
r 384 80 384 128 0 5000
c 112 176 208 176 4 1e-9 -0.34505935716413383 0.001 0
c 384 176 272 176 4 1e-9 3.2669177387546933 0.001 0
t 288 256 384 256 0 1 -3.496006757902247 0.38609073190813437 100 default
w 208 176 288 256 0
w 272 176 208 256 0
t 208 256 112 256 0 1 0.5741483763116877 0.6151797510556882 100 default
R -96 16 -144 16 0 0 40 1.02 0 0 0.5
x 159 212 179 215 4 16 C1
x 317 213 337 216 4 16 C2
x 85 260 106 263 4 16 Q1
x 390 259 411 262 4 16 Q2
368 448 176 448 208 0 0
174 208 144 272 128 1 10000 0.797 Resistance
r 240 80 240 128 0 10000
w 208 144 208 176 0
w 272 144 272 176 0
f 448 176 496 176 32 1.5 0.02
w 112 272 112 304 0
w 384 272 384 304 0
406 592 128 496 176 0 0.01 0.999 4:1 2 0.006545338142881655 -0.03453982101800685 
w 496 128 496 160 0
162 592 48 688 48 2 default-led 1 0 0 0.01
c 208 256 288 256 4 1e-9 0.22908901914755386 0.001 0
w 48 80 48 144 0
w 688 128 592 128 0
w 192 80 112 80 0
w 112 128 112 176 0
w 288 80 384 80 0
w 384 128 384 176 0
c 112 -32 112 16 4 0.000001 -6.053705985972641 0.001 0.1
c 496 96 496 128 4 5.0000000000000004e-8 0.46948288685284867 0.001 0
w 240 80 288 80 0
t -32 224 0 224 0 1 0.6006345083389587 0.670104550035629 100 default
T -48 144 0 176 4 0.0001 1 0.001395076408597551 -0.015415758994883292 0.999
w 0 176 0 208 0
w -48 112 -48 144 0
w -32 224 -48 224 0
w 0 240 0 272 0
d 0 176 48 176 2 1N4148
r -48 224 -48 176 0 1000
w 0 112 -48 112 0
c 48 176 48 272 4 0.0000010000000000000002 7.138909446098573 0.001 0
w 48 272 0 272 0
w 0 112 0 144 0
T 0 16 48 32 0 0.00009999999999999999 1 0.0168101725612999 0.012213542480249908 0.999
w 48 48 48 80 0
w 48 16 112 16 0
w 48 144 48 176 0
l -96 16 -48 16 0 0.000009999999999999999 0.04890682679557264 0
c 0 176 0 144 4 1e-9 -0.9983547100583128 0.001 0
w 112 16 112 80 0
w 240 -32 176 -32 0
w 0 -32 0 16 0
c 0 -32 0 -80 4 0.000009999999999999999 1.0179753631930073 0.001 0.1
g 0 -80 0 -96 0 0
w -48 16 0 16 0
r 0 48 0 112 0 1
w 0 272 0 304 0
w 496 192 496 304 0
w 592 48 592 96 0
403 528 192 608 240 0 16_64_0_4362_5_6.4_-1_2_16_3
403 576 -32 704 32 0 26_128_0_4362_10_0.05_-1_2_26_3
s 688 48 688 128 0 0 false
w 0 -32 112 -32 0
403 576 -80 704 -32 0 26_128_0_135177_10_0.0125_-1_2_26_3
403 -192 -64 -112 0 0 11_64_7_135431_5_0.4_-1_1_0.078125
403 -208 96 -80 160 0 54_64_0_4362_10_0.8_-1_2_54_3
403 -208 192 -80 256 0 37_64_5_37131_10_0.1_-1_1
403 720 64 816 128 0 35_128_0_4354_2.5_0.05_-1_2_35_3
w 112 -32 176 -32 0
w 448 16 496 16 0
34 zener-10 1 1.7143528192810002e-7 0 2.0000000000000084 10 1
z 240 16 240 80 2 zener-10
w 112 304 208 304 0
w 288 304 384 304 0
g 48 304 48 320 0 0
d 288 304 288 256 2 1N5711
w 288 304 240 304 0
w 240 304 208 304 0
d 208 304 208 256 2 default
w 192 80 240 80 0
w 112 176 112 240 0
w 384 176 384 240 0
l 0 304 48 304 0 0.001 0.029023715041208833 0
w -48 304 0 304 0
d -48 304 -48 224 2 1N4148
403 32 -144 160 -80 0 58_128_0_4355_2.5_0.05_-1_2_58_3
g 496 304 496 320 0 0
w 384 304 416 304 0
l 496 16 496 96 0 0.00001 0.034377348196447936 0
w 384 16 448 16 0
r 448 128 448 80 0 10000
w 448 16 448 80 0
w 448 128 448 176 0
w 416 304 416 80 0
w 416 80 448 80 0
w 384 176 448 176 0
o 34 64 0 4355 10 0.2 0 2 34 3
o 43 64 0 135425 2.5 0.2 1 2 43 3
o 35 64 0 4355 2.5 0.05 2 2 35 3
o 76 64 0 135427 10 0.00009765625 3 2 76 3
o 61 64 7 135169 0.625 0.1 4 1 0.0390625
o 46 64 0 4355 10 0.1 5 2 46 3
o 87 64 0 4355 2.5 0.1 6 2 87 3
38 11 F1 0 0 3 -1 Voltage
