$ 1 1e-9 14.235633750745258 46 5 50 5e-11
c 192 160 192 224 0 1e-7 0.14039789053384855 0.001
t 256 128 304 128 0 1 0.0851784932648259 0.35676556319497527 100 default
c 192 224 192 304 0 1e-7 -0.17309173000681716 0.001
w 80 304 192 304 0
w 80 160 192 160 0
w 0 128 0 160 0
w 352 112 352 304 0
w 192 304 352 304 0
r 304 -16 240 -16 0 50
R 240 -16 192 -16 0 0 40 1 0 0 0.5
g 304 224 304 256 0 0
x 150 182 170 185 4 16 C1
x 150 271 170 274 4 16 C2
c 192 224 256 224 0 1e-7 0.3144896210239459 0.001
w 192 128 192 96 0
w 256 128 256 96 0
d 256 96 192 96 2 1N5711
r 192 128 256 128 0 1000
T 0 160 80 224 0 0.0000049999999999999996 0.25 -1.7197491519938728e-7 0.17795214241591506 0.999
w 80 224 80 304 0
w 192 128 0 128 0
w 0 224 0 304 0
w 0 304 80 304 0
162 0 224 0 160 2 default-led 1 0 0 0.01
w 304 144 304 224 0
c 304 112 352 112 0 0.0000010000000000000002 -0.2159942811006137 0.001
w 256 224 304 224 0
d 256 224 256 128 2 default
l 304 48 304 112 0 0.000009999999999999999 0.01700934033667747 0
w 304 -16 304 48 0
c 304 -16 368 -16 0 0.000001 0.29657802711085557 0.001
g 368 -16 368 0 0 0
o 0 32 0 4099 0.625 0.4 0 2 0 3
o 2 32 0 4355 0.625 0.4 0 2 2 3
o 23 32 7 4105 5 0.003125 1 1 0.01953125
o 13 32 0 4099 0.625 0.1 2 2 13 3
o 25 32 0 4099 0.3125 0.1 2 2 25 3
o 3 32 0 4097 1.25 0.4 3 2 3 3
o 27 32 0 4099 1.25 0.00625 4 2 27 3
o 10 32 0 4097 0.0000762939453125 0.025 5 2 10 3
o 9 32 0 4097 2.5 0.1 5 2 9 3
