$ 1 5e-10 30.13683688681966 46 5 50 5e-11
T 640 544 704 608 14 0.000009999999999999999 0.5 -0.0016586461028021103 0.023128732207885173 0.999
t 640 480 640 432 1 1 0.5794836186886985 0.699313053806527 100 default
c 704 544 704 480 6 1.0000000000000001e-7 0.16510287330621476 0.001 0
c 768 544 768 480 6 0.000001 0.4873354644454881 0.001 0
w 704 608 768 608 0
w 768 544 768 608 0
w 656 432 704 432 0
w 704 432 768 432 0
w 624 432 576 432 0
r 640 480 576 480 0 1000
w 576 432 576 480 0
w 576 544 576 608 0
w 576 608 640 608 0
r 768 480 704 480 0 800
g 768 432 800 432 0 0
R 448 432 400 432 0 0 40 1 0 0 0.5
162 672 640 608 640 2 default-led 1 1 1 0.02
l 512 432 576 432 0 0.000009999999999999999 0.030429853976211913 0
c 640 480 640 544 4 1.0000000000000001e-7 0.16510902001175964 0.001 0
c 576 544 576 480 6 0.000001 -0.4853354644119478 0.001 0
w 768 432 768 480 0
r 448 432 512 432 0 1
c 512 432 512 496 4 0.000001 0.9716219128079007 0.001 0
g 512 496 512 512 0 0
w 640 544 608 544 0
w 704 544 736 544 0
w 608 544 608 640 0
w 608 640 608 688 0
l 736 640 736 688 0 0.00009999999999999999 -0.00016105567889325228 0
d 736 544 736 640 2 1N5711
r 672 640 736 640 0 10
c 736 688 608 688 4 1.0000000000000001e-7 1.4729213598345337 0.001 0
c 640 480 704 480 4 1e-11 2.0342203730708053 0.001 0
o 16 128 7 135177 1.25 0.4 0 1 0.3125
o 15 128 7 135427 5 0.1 0 1 0.078125
o 22 64 0 4355 1.25 0.05 1 2 22 3
o 18 64 0 4355 0.3125 0.1 2 2 18 3
o 1 64 4 4355 2.5 0.0125 3 1
o 16 64 0 4361 5 0.2 4 2 16 3
o 31 64 0 4355 2.5 0.003125 5 2 31 3
o 29 64 0 4355 5 0.2 6 2 29 3
38 13 F1 0 0 1000 -1 R1
38 9 F1 0 0 10000 -1 R2
