$ 1 1e-11 42.05934401203833 54 5 50 5e-11
T 640 544 704 608 14 0.000009999999999999999 0.3333333333333333 -0.0005004752427727069 0.03187447577798774 0.999
c 704 544 704 480 6 1e-8 0.16302873878475152 0.001 0
c 768 544 768 480 6 0.000001 0.3822864735124287 0.001 0
w 704 608 768 608 0
w 768 544 768 608 0
w 656 432 704 432 0
w 704 432 768 432 0
w 624 432 576 432 0
r 576 480 640 480 0 5000
w 576 432 576 480 0
w 576 544 576 608 0
w 576 608 640 608 0
r 768 480 704 480 0 1000
g 768 432 800 432 0 0
R 448 432 400 432 0 0 40 0.69 0 0 0.5
162 672 640 608 640 2 default-led 1 1 1 0.02
l 512 432 576 432 0 0.00009999999999999999 -0.02472503130362967 0
c 640 480 640 544 4 1e-9 1.6212909735249834 0.001 0
c 576 480 576 544 6 0.000001 0.38228647328776205 0.001 0
w 768 432 768 480 0
r 448 432 512 432 0 1
c 512 432 512 496 4 0.000001 0.7135363664704552 0.001 0
g 512 496 512 512 0 0
w 640 544 608 544 0
w 704 544 736 544 0
w 608 544 608 640 0
w 608 640 608 688 0
l 736 640 736 688 0 0.00009999999999999999 0.0002147377635264904 0
d 736 544 736 640 2 1N5711
r 672 640 736 640 0 10
c 736 688 608 688 4 1.0000000000000001e-7 0.04342212271490675 0.001 0
f 640 480 640 432 40 0.5 0.02
w 704 432 704 480 0
d 704 480 640 480 2 1N5711
o 15 128 7 135177 1.25 0.4 0 1 0.01953125
o 14 128 7 135427 5 0.1 0 1 0.01953125
o 21 64 0 4355 1.25 0.00625 1 2 21 3
o 17 64 0 4355 2.5 0.00625 2 2 17 3
o 15 64 0 4361 5 0.0125 3 2 15 3
o 30 64 0 4355 0.078125 0.00078125 4 2 30 3
o 28 64 0 4355 5 0.0125 5 2 28 3
o 18 64 0 4355 0.625 0.05 6 2 18 3
o 31 64 0 4355 10 0.05 7 2 31 3
o 8 64 0 4355 10 0.003125 8 2 8 3
o 12 64 0 4355 0.0000762939453125 0.00009765625 9 2 12 3
o 33 64 0 4355 10 0.00625 10 2 33 3
38 12 F1 0 0 1000 -1 R1
38 8 F1 0 0 10000 -1 R2
38 14 F1 0 0 3 -1 Voltage
