$ 1 1e-9 81.92041607667615 46 5 50 5e-11
T 640 528 704 592 14 0.000009999999999999999 0.25 0.00010481722360311323 -0.005841160711023434 0.999
t 640 480 640 432 1 1 -0.1113660512184681 0.5846153670541033 100 default
c 704 480 704 432 2 1e-9 0.577677990129518 0.001
c 576 592 576 528 2 0.000001 -0.6977133664145218 0.001
w 768 528 768 592 0
w 704 432 768 432 0
w 624 432 576 432 0
r 640 480 576 480 0 1000
w 768 432 768 480 0
w 576 432 576 480 0
w 576 592 640 592 0
r 576 432 576 368 0 1
w 768 432 768 368 0
162 672 672 720 672 2 default-led 1 0 0 0.01
r 704 592 768 592 0 0.001
r 656 432 704 432 0 0.001
v 640 320 576 320 0 0 40 1.36 0 0 0.5
l 640 368 640 320 0 0.000009999999999999999 0.0065717686242028 0
w 704 368 768 368 0
w 576 480 576 528 0
w 640 480 640 528 0
w 768 480 768 528 0
r 704 480 704 528 0 0.001
w 640 528 624 528 0
w 624 528 624 608 0
w 704 528 720 528 0
w 720 528 720 672 0
r 624 672 672 672 0 50
c 576 368 640 368 0 1e-8 0.7025894885552985 0.001
w 640 368 704 368 0
r 576 320 576 368 0 100
w 624 608 624 672 0
o 3 64 0 4099 1.25 3.2 0 2 3 3
o 2 64 0 4355 5 0.8 0 2 2 3
o 13 64 7 4361 5 0.05 1 1 0.15625
o 16 64 7 4355 5 0.05 2 1 0.0390625
o 28 64 0 4099 1.25 0.8 2 2 28 3
38 16 F1 0 0 4 -1 Voltage
