$ 1 1e-8 69.34413510434165 62 5 50 5e-11
c 784 384 784 496 0 0.000001 0.5489044043109239 0.001
406 1072 544 960 608 0 0.000009999999999999999 0.999 4,4:1 3 -8.864624399113064e-11 -0.0000028057675410218808 -0.00014137691038652866 
c 1024 400 1072 400 0 1.0000000000000001e-7 0.3476888131408499 0.001
r 1024 320 1024 400 0 1000
t 1024 400 960 400 0 1 -0.004180918454761484 0.5447059012860215 100 default
w 960 416 960 464 0
w 960 320 960 384 0
w 784 384 784 320 0
w 784 320 880 320 0
w 1072 400 1072 464 0
w 960 544 784 544 0
w 784 496 784 544 0
r 784 320 704 320 0 1000
R 704 320 640 320 0 0 40 1 0 0 0.5
g 784 544 784 576 0 0
w 1120 496 1120 608 0
w 960 608 1120 608 0
w 1072 496 1120 496 0
162 1072 512 1072 544 2 default-led 1 0 0 0.01
w 960 320 1024 320 0
l 880 320 960 320 0 0.000001 0.00014418267792807465 0
c 1072 400 1072 320 0 1e-9 -0.35186973159561136 0.001
w 1024 320 1072 320 0
c 960 608 960 544 0 1e-8 0.19696856351975653 0.001
o 0 1024 0 4355 1.25 0.4 0 2 0 3
o 18 1024 0 4361 5 0.1 1 2 18 3
o 13 1024 7 4355 5 0.00625 2 1 0.001220703125
o 23 1024 0 4355 2.5 0.1 3 2 23 3
38 13 F1 0 0 2 -1 Voltage
38 3 F1 0 0 100000 -1 R1
