$ 1 1e-9 18.278915558614752 48 5 50 5e-11
c 192 160 192 224 0 1e-7 0.0550263486070684 0.001
t 256 128 304 128 0 1 -0.04862011426981422 0.3720163528856976 100 default
c 192 224 192 304 0 1e-7 0.15179738133948759 0.001
w 80 304 192 304 0
w 80 160 192 160 0
w 0 128 0 160 0
w 256 304 352 304 0
r 304 -16 240 -16 0 50
R 240 -16 192 -16 0 0 40 1 0 0 0.5
g 304 224 304 256 0 0
c 192 224 256 224 0 1e-7 -0.0957710326861797 0.001
r 192 128 256 128 0 1000
T 0 160 80 224 0 0.0000049999999999999996 0.3333333333333333 -9.426814089992251e-7 -0.16032611130243205 0.999
w 80 224 80 304 0
w 192 128 0 128 0
w 0 224 0 304 0
w 0 304 80 304 0
162 -48 160 -48 224 2 default-led 1 0 0 0.01
w 304 144 304 224 0
c 304 112 352 112 0 1e-7 0.6681808399051469 0.001
w 256 224 304 224 0
l 304 48 304 112 0 0.000001 0.0068719246152128275 0
w 304 -16 304 48 0
c 304 -16 352 -16 0 0.000001 0.6063632060468336 0.001
w 256 48 304 48 0
d 192 96 256 96 2 1N5711
r 256 48 256 96 0 50000
w 256 96 256 128 0
w 352 -16 352 48 0
w 352 112 352 224 0
c 304 224 352 224 0 1e-8 0.24754437274963503 0.001
r 352 224 352 304 0 0.001
r 80 160 80 224 0 1000000
r 0 160 0 224 0 1000000
s -48 224 0 224 0 0 false
w -48 160 0 160 0
w 192 96 192 128 0
w 256 304 192 304 0
d 256 224 256 304 2 1N5711
w 352 48 352 112 0
o 0 32 0 4355 0.625 0.2 0 2 0 3
o 2 32 0 4355 0.625 0.4 0 2 2 3
o 17 32 7 4107 5 0.1 1 1 0.0390625
o 10 32 0 4355 0.3125 0.4 2 2 10 3
o 19 32 0 4099 1.25 0.4 2 2 19 3
o 3 32 0 4097 1.25 0.2 3 2 3 3
o 9 32 0 4353 0.0000762939453125 0.025 4 2 9 3
o 8 32 7 4353 2.5 0.05 4 1 0.01953125
o 21 32 0 4355 0.15625 0.05 5 2 21 3
o 32 32 0 4099 0.625 0.00009765625 6 2 32 3
o 33 32 0 4099 5 0.00009765625 6 2 33 3
o 23 32 0 4099 1.25 0.05 7 2 23 3
o 1 32 1 4099 2.5 0.025 8 1
38 8 F1 0 0 4 -1 Voltage
