$ 1 1.0000000000000001e-7 30.13683688681966 56 5 50 5e-11
w 112 16 240 16 0
w 240 16 288 16 0
w 288 16 384 16 0
r 112 80 112 128 0 5000
r 384 80 384 128 0 5000
c 112 176 208 176 4 1e-8 1.1981557181385312 0.001 0
c 384 176 272 176 4 1e-8 0.3544453431322966 0.001 0
t 288 256 384 256 0 1 0.06917512836424079 0.15432502925337319 100 default
w 208 176 288 256 0
w 272 176 208 256 0
t 208 256 112 256 0 1 -0.1214219978261711 -0.18828280543560125 100 default
R 0 16 -48 16 0 0 40 1.02 0 0 0.5
g 496 192 496 224 0 0
x 159 212 179 215 4 16 C1
x 317 213 337 216 4 16 C2
x 85 260 106 263 4 16 Q1
x 390 259 411 262 4 16 Q2
368 448 176 448 208 0 0
174 208 144 272 128 1 10000 0.7475 Resistance
r 240 80 240 128 0 10000
w 208 144 208 176 0
w 272 144 272 176 0
f 448 176 496 176 32 0.5 0.02
w 112 272 112 304 0
w 384 272 384 304 0
406 592 128 496 176 0 0.001 0.999 -3:1 2 0.000985837941537805 1.217790631278734e-7 
w 496 128 496 160 0
w 496 16 496 96 0
162 688 48 592 48 2 default-led 1 0 0 0.01
c 208 256 288 256 4 1e-9 -0.34260783468897443 0.001 0
w 64 16 112 16 0
g 112 304 112 320 0 0
g 384 304 384 320 0 0
l 0 16 64 16 0 0.001 -0.0009515077408991354 0
w 496 16 384 16 0
w 688 48 688 128 0
w 688 128 592 128 0
w 240 80 112 80 0
w 112 128 112 176 0
w 288 80 384 80 0
w 384 128 384 176 0
c 112 80 64 80 4 0.0000010000000000000002 4.3174745377536015 0.001 0.1
g 64 80 64 112 0 0
c 592 96 592 128 4 5.0000000000000004e-8 0.4091057367016998 0.001 0
d 240 16 240 80 2 1N5711
d 496 128 448 128 2 1N5711
r 384 176 448 176 0 1
w 240 80 288 80 0
l 592 96 592 48 0 0.000009999999999999999 9.185770337216473e-11 0
c 112 16 112 80 4 1e-9 -2.276221158119593 0.001 0
w 448 128 448 80 0
w 448 80 384 80 0
l 384 176 384 240 0 0.00001 0.0015974772883767384 0
l 112 176 112 240 0 0.00001 0.005456119021774735 0
r 384 16 384 80 0 100000
t -32 224 0 224 0 1 0.004597645676082396 0.18793303195249458 100 default
T -48 144 0 176 4 0.000009999999999999999 5 0.0006480038650112253 -0.017873459139317212 0.999
w 0 176 0 208 0
w -48 80 -48 144 0
w -32 224 -48 224 0
w 0 240 0 272 0
g 0 272 0 288 0 0
d 0 176 48 176 2 1N5711
r -48 176 -48 224 0 1000
w -48 80 0 80 0
r -128 0 -128 64 0 500
c -48 80 -96 80 4 1.0000000000000001e-7 0.7277739624970134 0.001 0
g -96 80 -96 96 0 0
c 48 176 48 240 4 1e-8 3.8838437217605146 0.001 0
w 48 240 0 240 0
w 0 80 0 144 0
d -48 272 -48 224 2 1N5711
w -48 272 0 272 0
l 48 176 112 80 0 0.001 0.0013529137619151695 0
l 0 16 0 80 0 0.000009999999999999999 -0.007676373739174221 0
o 17 64 0 4362 5 6.4 0 2 17 3
o 28 64 7 135434 10 0.05 1 1 0.01953125
o 11 64 7 135427 5 0.4 2 1 0.15625
o 28 64 0 4354 5 0.05 3 2 28 3
o 4 64 0 4355 5 0.0015625 4 2 4 3
o 43 64 0 4355 5 0.0125 5 2 43 3
o 41 64 0 4355 5 0.05 6 2 41 3
o 45 64 0 4355 5 0.025 7 2 45 3
o 52 64 0 4355 20 0.025 8 2 52 3
o 62 64 0 4353 2.5 0.05 9 2 62 3
o 68 64 0 4355 5 0.025 10 2 68 3
38 11 F1 0 0 3 -1 Voltage
