$ 1 1e-9 382.76258214399064 40 15 50 5e-11
T 624 464 688 528 14 0.00009999999999999999 0.2 -0.03261122329708502 -0.01949575706992169 0.999
c 688 464 688 416 6 1e-9 5.014832984733037 0.001 0
c 560 464 560 528 6 0.000009999999999999999 0.5076854503178392 0.001 0
w 608 368 560 368 0
r 624 416 560 416 0 100000
w 752 368 752 416 0
w 560 368 560 416 0
w 560 528 624 528 0
162 656 592 608 592 2 default-led 1 0 0 0.01
v 688 256 624 256 0 0 40 1 0 0 0.5
w 688 304 752 304 0
w 560 416 560 464 0
w 752 416 752 464 0
w 624 464 608 464 0
w 608 464 608 544 0
w 688 464 704 464 0
w 704 464 704 544 0
c 608 304 688 304 4 0.000001 0.9751483989306365 0.001 0
w 560 304 608 304 0
r 560 256 624 256 0 1
w 688 416 688 368 0
w 640 368 688 368 0
w 688 528 752 528 0
l 560 304 560 368 0 0.00009999999999999999 0.019518487951019868 0
c 752 464 752 528 6 0.000009999999999999999 -0.5056854502409454 0.001 0
c 624 464 688 464 4 2.0000000000000002e-7 -5.213634474266149 0.001 0
l 688 368 752 368 0 0.000009999999999999999 0.00002587279720240249 0
l 752 304 752 368 0 0.00009999999999999999 -0.019521629867442707 0
s 752 256 752 304 0 0 false
d 688 336 688 368 2 1N4148
w 560 256 560 304 0
w 688 256 752 256 0
l 704 544 704 592 0 0.000001 0.006089238897364115 0
162 704 592 656 592 2 default-led 1 0 0 0.01
162 608 592 560 592 2 default-led 1 0 0 0.01
w 560 544 608 544 0
c 560 624 704 624 4 1e-9 -5.218018925029872 0.001 0
w 560 592 560 624 0
w 704 592 704 624 0
f 624 416 624 368 40 0.5 0.02
c 688 304 688 336 4 1e-8 0.21548340900533133 0.001 0
s 560 592 560 544 0 0 false
34 zener-12 1 1.7143528192810002e-7 0 2.0000000000000084 12 1
z 688 416 624 416 2 zener-12
l 624 464 624 416 0 0.000001 -0.000030373703107097957 0
o 8 1024 7 135433 10 0.05 0 1 0.01953125
o 9 1024 7 135431 5 0.05 0 1 0.078125
o 17 1024 0 4355 1.25 0.0125 0 2 17 3
o 25 1024 7 4363 10 0.8 1 1 1.25
o 26 1024 0 4355 0.625 0.1 2 2 26 3
o 8 1024 0 4355 5 0.0125 3 2 8 3
o 23 1024 0 4355 0.625 0.1 4 2 23 3
o 27 1024 0 4355 0.625 0.1 4 2 27 3
o 39 1024 0 4355 2.5 0.1 5 2 39 3
o 4 1024 0 4355 10 0.0001953125 6 2 4 3
o 42 1024 0 4355 10 0.00078125 7 2 42 3
o 24 1024 0 4355 0.625 0.1 8 2 24 3
o 43 1024 0 4355 0.00244140625 0.00078125 9 2 43 3
38 9 F1 0 0 4 -1 Voltage
