$ 1 5.0000000000000004e-8 9.001713130052181 46 5 50 5e-11
w 240 -32 240 16 0
w 240 16 288 16 0
w 288 16 384 16 0
r 112 80 112 128 0 5000
r 384 80 384 128 0 5000
c 112 176 208 176 4 5e-9 0.32516173259801184 0.001 0
c 384 176 272 176 4 5e-9 2.4890593713617273 0.001 0
t 288 256 384 256 0 1 0.5825077959651219 0.621332699441528 100 default
w 208 176 288 256 0
w 272 176 208 256 0
t 208 256 112 256 0 1 -3.3967288999248613 -2.450234467885321 100 default
R -96 16 -144 16 0 0 40 1.02 0 0 0.5
x 159 212 179 215 4 16 C1
x 317 213 337 216 4 16 C2
x 85 260 106 263 4 16 Q1
x 390 259 411 262 4 16 Q2
368 448 176 448 208 0 0
174 208 144 272 128 1 10000 0.797 Resistance
r 240 80 240 128 0 10000
w 208 144 208 176 0
w 272 144 272 176 0
f 448 176 496 176 32 0.5 0.02
w 112 272 112 304 0
w 384 272 384 304 0
406 592 128 496 176 0 0.001 0.999 -3:1 2 0.009071886493874949 -1.8045551635132492e-7 
w 496 128 496 160 0
w 496 16 496 96 0
162 688 48 592 48 2 default-led 1 0 0 0.01
c 208 256 288 256 4 1e-9 -3.071567167326849 0.001 0
w 48 80 48 144 0
g 496 304 496 320 0 0
w 496 16 384 16 0
w 688 128 592 128 0
w 240 80 112 80 0
w 112 128 112 176 0
w 288 80 384 80 0
w 384 128 384 176 0
c 112 80 64 80 4 0.0000010000000000000002 4.465578893238848 0.001 0.1
g 64 80 64 112 0 0
c 592 96 592 128 4 2e-8 -0.16494429434226196 0.001 0
r 384 176 448 176 0 1
w 240 80 288 80 0
r 240 16 240 80 0 100000
t -32 224 0 224 0 1 0.5970975241091347 0.7075938421239131 100 default
T -48 144 0 176 4 0.00009999999999999999 1 0.001821565884057296 -0.07680337440630801 0.999
w 0 176 0 208 0
w -48 112 -48 144 0
w -32 224 -48 224 0
w 0 240 0 272 0
d 0 176 48 176 2 1N4148
r -48 224 -48 176 0 500
w 0 112 -48 112 0
c 48 176 48 272 4 0.0000010000000000000002 4.451212631087876 0.001 0
w 48 272 0 272 0
w 0 112 0 144 0
d -48 272 -48 224 2 1N4148
w -48 272 0 272 0
T 0 16 48 32 0 0.000009999999999999999 1 0.07574578093367747 -0.020379605687991353 0.999
w 48 48 48 80 0
w 48 16 112 16 0
w 384 176 384 240 0
w 112 176 112 240 0
w 48 144 48 176 0
l -96 16 -48 16 0 0.00009999999999999999 0.049988479131522226 0
c 0 176 0 144 4 5.0000000000000004e-8 -0.7542957863721633 0.001 0
w 112 16 112 80 0
w 240 -32 48 -32 0
w 0 -32 0 16 0
c 0 -32 0 -80 4 0.000009999999999999999 0.9594115159612583 0.001 0.1
g 0 -80 0 -96 0 0
w -48 16 0 16 0
r 0 48 0 112 0 1
d 48 272 0 208 2 1N4148
w 0 272 0 304 0
w 384 304 112 304 0
w 112 304 0 304 0
w 496 192 496 304 0
w 496 304 384 304 0
w 592 48 592 96 0
403 400 96 480 144 0 16_64_0_4362_5_6.4_-1_2_16_3
403 576 -32 704 32 0 27_128_0_4362_10_0.05_-1_2_27_3
s 688 48 688 128 0 0 false
w 0 -32 48 -32 0
403 576 -80 704 -32 0 27_128_0_135177_10_0.0125_-1_2_27_3
403 528 160 624 224 0 21_128_0_4355_5_0.05_-1_2_21_3
403 -192 -64 -112 0 0 11_64_7_135431_5_0.4_-1_1_0.078125
403 -208 96 -80 160 0 64_64_0_4362_10_0.8_-1_2_64_3
403 -208 192 -80 256 0 43_64_5_37131_10_0.1_-1_1
403 720 64 816 128 0 39_128_0_4354_10_0.05_-1_2_39_3
o 37 64 0 4355 10 1.6 0 2 37 3
o 49 64 0 135425 2.5 0.1 1 2 49 3
o 52 64 0 4355 10 0.4 2 2 52 3
38 11 F1 0 0 3 -1 Voltage
