$ 1 1.0000000000000001e-7 8.281975887399955 48 5 50 5e-11
w 112 16 240 16 0
w 240 16 288 16 0
w 288 16 384 16 0
r 112 128 112 176 0 10000
r 384 128 384 176 0 10000
c 112 176 208 176 4 1e-8 2.1405732601495537 0.001 0
c 384 176 272 176 4 1e-8 1.1778381568413223 0.001 0
w 384 176 384 208 0
t 288 256 384 256 0 1 -3.9275144967205713 -2.1115896563977863 100 default
w 208 176 288 256 0
w 272 176 208 256 0
t 208 256 112 256 0 1 0.6091030797296951 0.6380866834814627 100 default
w 112 176 112 240 0
R 0 16 -48 16 0 0 40 2 0 0 0.5
g 496 192 496 224 0 0
x 159 212 179 215 4 16 C1
x 317 213 337 216 4 16 C2
x 85 260 106 263 4 16 Q1
x 390 259 411 262 4 16 Q2
403 192 208 224 240 0 10_256_0_4102_10_0.1_-1_2_10_3
403 272 208 304 240 0 9_256_0_4102_10_0.4_-1_2_9_3
403 320 128 352 160 0 6_128_0_4102_10_0.4_-1_2_6_3
403 144 128 176 160 0 5_128_0_4102_10_0.1_-1_2_5_3
368 448 176 448 208 0 0
174 208 144 272 128 1 10000 0.7475 Resistance
r 240 80 240 128 0 10000
w 208 144 208 176 0
w 272 144 272 176 0
f 448 176 496 176 32 0.1 0.02
w 112 272 112 304 0
w 384 272 384 304 0
w 384 208 384 240 0
406 592 128 496 176 0 0.001 0.999 -3:1 2 -0.0023949523438785564 -0.01319297483101966 
w 496 128 496 160 0
w 496 16 496 96 0
162 688 48 592 48 2 default-led 1 0 0 0.01
c 208 256 288 256 4 1.0000000000000001e-11 2.749676339879249 0.001 0
w 64 16 112 16 0
g 112 304 112 320 0 0
g 384 304 384 320 0 0
l 0 16 64 16 0 0.001 0.013192659831032325 0
w 496 16 384 16 0
w 592 48 592 96 0
w 688 128 592 128 0
w 240 80 112 80 0
w 112 80 112 128 0
w 288 80 384 80 0
w 384 80 384 128 0
c 384 80 432 80 4 0.0000010000000000000002 13.092212997778299 0.001 0.1
g 432 80 464 80 0 0
c 592 96 592 128 4 1e-9 -1.6819793440480282 0.001 0
d 240 16 240 80 2 1N5711
d 496 128 384 128 2 1N5711
r 384 176 448 176 0 1
w 240 80 288 80 0
l 688 48 688 128 0 0.00009999999999999999 -0.0023549307633386435 0
o 23 64 0 4362 10 6.4 0 2 23 3
o 35 64 7 135426 10 0.05 1 1 0.15625
o 13 64 7 135427 5 0.4 2 1 0.3125
o 35 64 0 4354 80 0.05 3 2 35 3
o 4 64 0 4355 20 0.0015625 4 2 4 3
o 50 64 0 4355 40 0.05 5 2 50 3
o 48 64 0 4355 20 0.2 6 2 48 3
o 52 64 0 4355 20 0.2 7 2 52 3
o 51 64 0 4355 40 0.1 8 2 51 3
