$ 1 1e-9 14.235633750745258 46 5 50 5e-11
c 192 160 192 224 0 1e-7 0.024178199715626014 0.001
t 256 128 304 128 0 1 -0.752052923401284 -0.2564111253835272 100 default
c 192 224 192 304 0 1e-7 -0.18948176903605066 0.001
w 80 304 192 304 0
w 80 160 192 160 0
w 0 128 0 160 0
w 352 112 352 304 0
w 192 304 352 304 0
r 304 -16 240 -16 0 10
R 240 -16 192 -16 0 0 40 1 0 0 0.5
g 304 224 304 256 0 0
x 150 182 170 185 4 16 C1
x 150 271 170 274 4 16 C2
c 192 224 256 224 0 1e-7 0.2146599692692767 0.001
r 192 128 256 128 0 1000
T 0 160 80 224 0 0.0000049999999999999996 0.25 8.759439719017385e-8 0.2508964114462246 0.999
w 80 224 80 304 0
w 192 128 0 128 0
w 0 224 0 304 0
w 0 304 80 304 0
162 0 224 0 160 2 default-led 1 0 0 0.01
w 304 144 304 224 0
c 304 112 352 112 0 0.0000010000000000000002 0.09150005971242953 0.001
w 256 224 304 224 0
l 304 48 304 112 0 0.000009999999999999999 0.04974655864015049 0
w 304 -16 304 48 0
c 304 -16 368 -16 0 0.000001 0.545515169892133 0.001
g 368 -16 368 0 0 0
o 0 32 0 4099 1.25 0.4 0 2 0 3
o 2 32 0 4355 1.25 0.8 0 2 2 3
o 20 32 7 4105 5 0.003125 1 1 0.15625
o 13 32 0 4099 1.25 0.4 2 2 13 3
o 22 32 0 4099 0.15625 0.4 2 2 22 3
o 3 32 0 4097 1.25 0.4 3 2 3 3
o 10 32 0 4097 0.0000762939453125 0.2 4 2 10 3
o 9 32 7 4097 2.5 0.05 4 1 0.15625
o 24 32 0 4355 1.25 0.1 5 2 24 3
38 9 F1 0 0 4 -1 Voltage
