$ 1 1e-10 89.03963197220334 51 5 50 5e-11
T 640 528 704 592 14 0.00009999999999999999 1 0.013696607036672533 -0.003723771442453985 0.999
c 704 528 704 480 2 1e-7 1.394656694565441 0.001
c 576 528 576 592 2 0.000001 0.46959651806175307 0.001
w 704 432 768 432 0
w 624 432 576 432 0
r 640 480 576 480 0 10000
w 768 432 768 480 0
w 576 432 576 480 0
w 576 592 640 592 0
w 576 432 576 368 0
162 720 672 672 672 2 default-led 1 0 0 0.01
v 640 320 576 320 0 0 40 1 0 0 0.5
w 704 368 768 368 0
w 576 480 576 528 0
w 768 480 768 528 0
w 640 528 624 528 0
w 624 528 624 608 0
w 704 528 720 528 0
w 720 528 720 672 0
r 624 672 672 672 0 1
c 576 368 640 368 0 0.0000010000000000000002 0.9656180924614628 0.001
w 640 368 704 368 0
r 576 320 576 368 0 10
w 624 608 624 672 0
w 704 480 704 432 0
w 656 432 704 432 0
w 704 592 768 592 0
w 640 320 640 368 0
x 711 492 748 495 4 10 Частота
f 640 480 640 432 40 0.3 0.02
34 zener-10 1 1.7143528192810002e-7 0 2.0000000000000084 10 1
z 704 480 640 480 2 zener-10
c 768 528 768 592 2 0.000001 -0.4675965174766512 0.001
w 640 480 640 528 0
l 768 368 768 432 0 0.001 -0.003579585705201277 0
o 2 1024 0 4099 0.625 0.025 0 2 2 3
o 1 1024 0 4355 2.5 0.00625 0 2 1 3
o 10 1024 0 4361 10 0.025 1 2 10 3
o 11 1024 7 135431 5 0.05 2 1 0.01953125
o 20 1024 0 4099 1.25 0.00625 2 2 20 3
o 29 1024 0 4099 40 0.05 3 2 29 3
o 30 1024 0 4355 5 0.0015625 4 2 30 3
o 33 1024 0 4099 40 0.0125 5 2 33 3
38 11 F1 0 0 4 -1 Voltage
38 1 F1 0 0 1e-8 -1 Частота
