$ 1 1e-8 382.76258214399064 49 5 50 5e-11
T 640 464 704 528 14 0.00022999999999999998 0.5 0.00025357616100340596 0.0039045777439526063 0.999
c 704 464 704 416 2 6.8e-8 0.147827321862404 0.001
w 576 368 624 368 0
r 640 416 576 416 0 3700
w 768 368 768 416 0
w 576 368 576 416 0
w 576 528 640 528 0
162 704 464 640 464 2 default-led 1 1 1 0.02
v 640 256 576 256 0 0 40 1.52 0 0 0.5
w 704 304 768 304 0
w 576 416 576 464 0
w 768 416 768 464 0
w 640 304 704 304 0
w 656 368 704 368 0
w 704 528 768 528 0
l 576 368 576 304 0 0.000001 0.003642836588797042 0
x 713 425 750 428 4 10 Частота
w 704 368 704 416 0
t 640 416 640 368 1 1 -0.9370667545280238 0.3090354403825846 100 default
x 589 395 626 398 4 10 Частота
c 640 416 640 464 0 6.8e-8 0.18739444828585808 0.001
d 768 464 704 464 2 1N5712
s 640 256 640 304 0 0 false
209 576 464 576 528 0 0.000001 0.6164989147343617 0.001 1
209 768 528 768 464 0 0.000001 0.616498914774194 0.001 1
r 576 304 576 256 0 100
d 640 464 576 464 2 1N5711
c 704 528 640 528 0 1e-9 -0.013106842785829187 0.001
l 704 368 768 368 0 0.000001 0.0002535910609199636 0
209 576 304 640 304 0 0.000009999999999999999 1.2465759093488336 0.001 1
l 768 304 768 368 0 0.000001 0.003642836588811069 0
g 832 304 832 336 0 0
w 768 304 832 304 0
o 7 512 0 4361 2.5 0.4 0 2 7 3
o 8 1024 7 135425 2.5 0.0125 1 1 0.01953125
o 18 1024 5 4355 20 0.025 2 1
o 29 1024 0 4355 2.5 0.4 3 2 29 3
o 21 1024 0 4355 10 0.4 4 2 21 3
o 26 1024 0 4355 20 0.1 5 2 26 3
38 8 F1 0 0 4 -1 Voltage
38 1 F1 0 0 0.0000010000000000000002 -1 Частота
