$ 1 1.0000000000000001e-7 8.281975887399955 42 5 50 5e-11
w 112 48 240 48 0
w 240 48 288 48 0
w 288 48 384 48 0
r 112 128 112 176 0 1000
r 384 128 384 176 0 1000
c 112 176 208 176 4 1e-8 -0.12172048076470932 0.001 0
c 384 176 272 176 4 1e-8 1.388151696587728 0.001 0
w 384 176 384 208 0
t 288 256 384 256 0 1 -1.7758837784094812 0.2262781533239152 100 default
w 208 176 288 256 0
w 272 176 208 256 0
t 208 256 112 256 0 1 0.5094525625864622 0.6140102351456681 100 default
w 112 176 112 240 0
R 0 48 -48 48 0 0 40 2 0 0 0.5
g 496 192 496 224 0 0
x 159 212 179 215 4 16 C1
x 317 213 337 216 4 16 C2
x 85 260 106 263 4 16 Q1
x 390 259 411 262 4 16 Q2
403 192 208 224 240 0 10_256_0_4102_1.25_0.1_-1_2_10_3
403 272 208 304 240 0 9_256_0_4102_1.25_0.4_-1_2_9_3
403 320 128 352 160 0 6_128_0_4102_2.5_0.4_-1_2_6_3
403 144 128 176 160 0 5_128_0_4102_2.5_0.1_-1_2_5_3
368 448 176 448 128 0 0
174 208 144 272 128 1 10000 0.6980000000000001 Resistance
r 240 80 240 128 0 10000
w 208 144 208 176 0
w 272 144 272 176 0
f 448 176 496 176 32 0.1 0.02
w 112 272 112 304 0
w 384 272 384 304 0
w 384 208 384 240 0
406 592 128 496 176 0 0.001 0.999 5:-1 2 -0.0036893622486958164 -0.03560512736278264 
w 496 128 496 160 0
w 496 48 496 96 0
162 688 48 592 48 2 default-led 1 0 0 0.01
r 592 48 592 96 0 1
c 64 48 64 80 4 0.0000010000000000000002 1.9999958323168097 0.001 0.1
c 208 256 288 256 4 1e-9 0.3877320818217529 0.001 0
r 384 176 448 176 0 100
g 64 80 64 96 0 0
w 64 48 112 48 0
g 112 304 112 320 0 0
g 384 304 384 320 0 0
l 240 48 240 80 0 0.01 0.00217799735544373 0
l 0 48 64 48 0 0.000001 0.03778098003949201 0
w 496 48 384 48 0
w 688 48 688 128 0
w 688 128 592 128 0
w 240 80 112 80 0
w 112 80 112 128 0
w 240 80 384 80 0
w 384 80 384 128 0
c 384 80 432 80 4 0.0000010000000000000002 2.0036735062044726 0.001 0
g 432 80 464 80 0 0
g 592 128 592 144 0 0
c 592 96 592 128 4 1e-8 -1.6920852803696182 0.001 0
o 23 64 0 4362 10 6.4 0 2 23 3
o 35 64 7 135426 10 0.05 1 1 0.078125
o 13 64 7 135427 5 0.4 2 1 0.3125
o 35 64 0 4354 20 0.05 3 2 35 3
o 4 64 0 4355 10 0.0125 4 2 4 3
o 37 64 0 4355 5 0.05 5 2 37 3
