$ 1 1e-9 21.593987231061412 47 5 50 5e-11
t 560 416 560 384 0 1 0.6060763274373635 0.6475798431909126 100 default
t 704 416 704 384 0 -1 -0.4013825541201055 -0.7479668132691963 100 default
l 608 384 656 384 0 0.00009999999999999999 -0.0007127817090575527 0
w 656 384 656 464 0
r 560 416 560 464 0 100
r 704 416 704 464 0 100
w 656 464 560 464 0
w 608 384 608 480 0
w 608 480 704 480 0
w 704 480 704 464 0
w 576 384 608 384 0
w 656 384 688 384 0
w 544 384 480 384 0
w 720 384 800 384 0
g 480 384 480 416 0 0
R 864 384 864 336 0 0 40 1.5 0 0 0.5
r 864 384 800 384 0 10
c 800 384 800 432 0 0.000001 1.1517458262222748 0.001
g 800 432 800 448 0 0
w 800 320 720 320 0
w 800 384 800 320 0
162 608 320 656 320 2 default-led 1 0 0 0.01
c 656 320 656 384 0 1.0000000000000001e-7 0.34658425914909086 0.001
w 656 320 720 320 0
c 608 384 608 320 0 1e-7 6.6978870974314475 0.001
r 544 320 608 320 0 50000
g 544 320 544 336 0 0
o 21 64 0 4355 10 0.1 0 2 21 3
o 17 64 0 4099 2.5 0.2 1 2 17 3
o 22 64 0 4099 1.25 0.2 2 2 22 3
o 2 64 0 4099 10 0.2 3 2 2 3
o 16 64 0 4099 0.625 0.1 4 2 16 3
o 24 64 0 4099 10 0.1 5 2 24 3
o 18 64 0 4099 0.0000762939453125 0.2 6 2 18 3
o 19 64 0 4099 2.5 0.2 7 2 19 3
o 0 64 6 4098 10 0.1 8 1
38 15 F1 0 0 2 -1 Voltage
