$ 1 1e-9 2.008553692318767 50 5 50 5e-11
R 64 32 32 32 0 0 40 1 0 0 0.5
c 272 112 352 112 0 1e-8 0.40157587500613534 0.001
l 352 112 352 224 0 0.00009999999999999999 -0.0005030105477045273 0
d 352 112 432 112 2 1N5711
w 272 144 272 112 0
w 272 176 272 224 0
w 272 224 352 224 0
g 352 224 352 240 0 0
c 432 16 432 112 0 1e-11 -1.7487648354778265 0.001
T 208 64 272 112 4 0.00009999999999999999 0.3333333333333333 -1.0744187874459077e-11 -0.006382275203539796 0.999
w 272 64 272 32 0
w 272 32 208 32 0
w 208 32 208 64 0
c 128 32 128 96 0 1e-7 0.3711075778765288 0.001
r 64 32 128 32 0 50
g 128 96 128 112 0 0
w 128 32 208 32 0
162 496 112 496 16 2 default-led 1 0 0 0.01
t 208 160 272 160 0 1 -10.568585006285804 -7.503199008617853 100 default
r 208 112 208 160 0 1000
w 432 16 272 16 0
w 272 16 272 32 0
d 176 160 176 112 2 1N4148
w 208 160 176 160 0
w 208 112 176 112 0
w 432 16 496 16 0
w 432 112 496 112 0
o 2 4 0 20482 5 0.8 0 2 2 3
o 3 4 0 4099 2.5 0.025 0 2 3 3
o 1 4 0 4099 0.625 0.025 1 2 1 3
o 14 4 0 4097 0.625 0.025 2 2 14 3
o 17 4 0 4097 5 0.05 3 2 17 3
o 13 4 0 4099 1.25 0.05 4 2 13 3
o 8 4 0 4099 2.5 0.025 5 2 8 3
38 0 F1 0 0 4 -1 Voltage
