$ 1 1e-8 69.34413510434165 53 5 50 5e-11
T 640 528 704 592 14 0.000009999999999999999 0.5 0.00010740400140493364 -0.007619618040151907 0.999
c 704 528 704 480 2 1.0000000000000001e-7 0.25113945949872407 0.001
c 576 528 576 592 2 0.000009999999999999999 0.30562680279556675 0.001
w 704 432 768 432 0
w 624 432 576 432 0
r 640 480 576 480 0 1000
w 768 432 768 480 0
w 576 432 576 480 0
w 576 592 640 592 0
w 768 432 768 368 0
162 720 672 672 672 2 default-led 1 1 1 0.01
v 640 320 576 320 0 0 40 1 0 0 0.5
w 704 368 768 368 0
w 576 480 576 528 0
w 768 480 768 528 0
w 640 528 624 528 0
w 624 528 624 608 0
w 704 528 720 528 0
w 720 528 720 608 0
r 624 672 624 608 0 50
c 576 368 640 368 0 0.0000010000000000000002 0.47529250345765833 0.001
w 640 368 704 368 0
r 576 320 576 368 0 50
w 624 720 816 720 0
w 656 432 704 432 0
w 704 592 768 592 0
l 576 368 576 432 0 0.001 0.007753371564360523 0
w 640 320 640 368 0
x 655 523 692 526 4 10 Частота
w 704 432 704 480 0
w 816 672 816 608 0
t 640 480 640 432 1 1 -0.10797676866973183 0.5009421748729729 100 default
w 672 672 624 672 0
162 768 672 720 672 2 default-led 1 1 1 0.01
162 816 672 768 672 2 default-led 1 1 1 0.01
x 589 459 626 462 4 10 Частота
d 720 608 816 608 2 1N5711
c 816 672 816 720 0 1e-8 3.6243903616262996 0.001
w 624 672 624 720 0
c 640 528 640 480 0 1.0000000000000001e-7 -0.24913407352209088 0.001
c 768 528 768 592 2 0.000009999999999999999 -0.30362680276908366 0.001
o 2 1024 0 4099 0.625 3.2 0 2 2 3
o 1 1024 0 4355 1.25 1.6 0 2 1 3
o 10 512 0 4105 10 0.0125 1 2 10 3
o 11 1024 7 135427 5 0.05 2 1 0.0390625
o 20 1024 0 4099 1.25 0.0125 2 2 20 3
o 39 1024 0 4099 1.25 1.6 3 2 39 3
o 5 1024 0 4353 80 0.025 4 2 5 3
o 40 1024 0 4355 0.625 3.2 5 2 40 3
o 26 1024 0 4099 10 0.05 6 2 26 3
38 11 F1 0 0 4 -1 Voltage
38 1 F1 0 0 1e-8 -1 Частота
