$ 1 2e-8 382.76258214399064 50 5 50 5e-11
T 640 528 704 592 14 0.00022999999999999998 1 -9.758770212980879e-7 -0.0009263143624368461 0.999
c 704 528 704 480 2 6.8e-8 0.2490897245702235 0.001
w 704 432 768 432 0
w 624 432 576 432 0
r 640 480 576 480 0 3700
w 768 432 768 480 0
w 576 432 576 480 0
w 576 592 640 592 0
162 704 528 640 528 2 default-led 1 1 1 0.01
v 640 320 576 320 0 0 40 1 0 0 0.5
w 704 368 768 368 0
w 576 480 576 528 0
w 768 480 768 528 0
w 640 368 704 368 0
w 656 432 704 432 0
w 704 592 768 592 0
l 576 368 576 432 0 0.00009999999999999999 0.0009508848116109896 0
x 713 489 750 492 4 10 Частота
w 704 432 704 480 0
t 640 480 640 432 1 1 0.0026755979644246253 0.5004527403578549 100 default
x 589 459 626 462 4 10 Частота
c 640 480 640 528 0 6.8e-8 0.2473142725327 0.001
d 640 528 560 528 2 1N34
w 768 368 768 432 0
d 768 528 704 528 2 1N34
w 560 528 560 368 0
w 560 368 576 368 0
s 640 320 640 368 0 1 false
209 576 368 640 368 0 0.00009999999999999999 0.4960145237613365 0.001 1
209 576 528 576 592 0 0.00009999999999999999 0.2509149684299864 0.001 1
209 768 592 768 528 0 0.00009999999999999999 0.25091496895747856 0.001 1
r 576 368 576 320 0 1
o 1 1024 0 4355 0.625 0.00009765625 0 2 1 3
o 8 512 0 4361 2.5 0.00009765625 1 2 8 3
o 9 1024 0 135425 2.5 0.00009765625 2 2 9 3
o 22 1024 0 4353 1.25 0.00009765625 3 2 22 3
o 21 1024 0 4099 0.625 0.00009765625 4 2 21 3
o 19 1024 5 4099 0.01953125 0.025 5 1
o 24 1024 0 4099 0.625 0.00009765625 6 2 24 3
o 29 1024 0 4099 0.625 0.00625 7 2 29 3
o 30 1024 0 4099 0.625 0.00625 7 2 30 3
o 28 1024 0 4099 2.5 0.0125 8 2 28 3
38 9 F1 0 0 4 -1 Voltage
38 1 F1 0 0 0.0000010000000000000002 -1 Частота
