$ 1 5e-10 45.7144713268909 46 5 50 5e-11
T 640 544 704 608 14 0.000009999999999999999 0.5 -0.00007130570791713075 -0.013863385258736483 0.999
t 640 480 640 432 1 1 -0.12327382174495927 0.6723376315875415 100 default
c 704 544 704 480 6 1.0000000000000001e-7 0.19239051288299477 0.001 0
c 768 544 768 480 6 0.000001 0.48635370122061333 0.001 0
w 704 608 768 608 0
w 768 544 768 608 0
w 656 432 704 432 0
w 704 432 768 432 0
w 624 432 576 432 0
r 640 480 576 480 0 1000
w 576 432 576 480 0
w 576 544 576 608 0
w 576 608 640 608 0
r 768 480 704 480 0 500
w 512 384 592 384 0
g 768 432 800 432 0 0
R 384 432 336 432 0 0 40 1 0 0 0.5
162 704 544 640 544 2 default-led 1 0 0 0.01
w 512 432 512 384 0
w 768 432 768 384 0
w 672 384 768 384 0
l 512 432 576 432 0 0.000009999999999999999 0.033444603002127225 0
c 640 480 640 544 4 1.0000000000000001e-7 0.16578665407661897 0.001 0
c 576 544 576 480 6 0.000001 -0.48435370119563353 0.001 0
w 768 432 768 480 0
r 384 432 448 432 0 1
c 592 384 672 384 4 0.000001 0.9732045983233484 0.001 0
l 448 432 512 432 0 0.000009999999999999999 0.03834340423709156 0
c 448 432 448 496 4 0.00001 0.9596835552769034 0.001 0
g 448 496 448 512 0 0
o 17 128 7 135169 1.25 0.4 0 1 0.3125
o 16 128 7 135427 5 0.1 0 1 0.078125
o 26 64 0 4355 1.25 0.05 1 2 26 3
o 28 64 0 4355 2.5 0.00625 1 2 28 3
o 22 64 0 4355 0.625 0.00625 2 2 22 3
o 1 64 4 4355 5 0.0125 3 1
o 17 64 0 4353 5 0.1 4 2 17 3
38 13 F1 0 0 10000 -1 R1
38 9 F1 0 0 10000 -1 R2
