$ 1 1e-8 32.755850052045055 46 15 50 5e-11
T 624 464 688 528 14 0.00009999999999999999 0.25 0.06816388786121932 0.2533765194455462 0.999
c 688 464 688 416 6 5.0000000000000004e-8 2.757213182263643 0.001 0
c 560 464 560 528 6 0.000009999999999999999 0.5826905959633008 0.001 0
w 608 368 560 368 0
r 624 416 560 416 0 100000
w 560 368 560 416 0
w 560 528 624 528 0
v 688 256 624 256 0 0 40 1 0 0 0.5
w 688 304 752 304 0
w 560 416 560 464 0
w 752 416 752 464 0
c 608 304 688 304 4 0.000009999999999999999 0.9722597853117451 0.001 0.1
w 560 304 608 304 0
w 688 416 688 368 0
w 640 368 688 368 0
w 688 528 752 528 0
l 560 304 560 368 0 0.0001 0.050003656669913056 0
c 752 464 752 528 6 0.000009999999999999999 -0.3445799929406885 0.001 0
c 624 464 688 464 4 1.2500000000000002e-7 2.6857687633241474 0.001 0
l 688 368 752 368 0 0.01 0.030429391230330845 0
l 752 304 752 368 0 0.0001 -0.05000365666986915 0
s 752 256 752 304 0 0 false
w 560 256 560 304 0
162 752 416 688 416 2 default-led 1 1 1 0.01
f 624 416 624 368 40 0.5 0.02
34 zener-12 1 1.7143528192810002e-7 0 2.0000000000000084 12 1
z 688 416 624 416 2 zener-12
403 384 272 512 352 0 11_256_0_135427_1.25_0.1_-1_2_11_3
403 656 176 784 240 0 7_256_7_135425_2.5_0.05_-1_1_0.15625
403 400 384 528 448 0 4_256_0_4355_20_0.0001953125_-1_2_4_3
403 816 336 960 432 0 23_256_7_167947_5_0.025_-1_1_0.0390625
403 816 432 944 496 0 18_256_0_4355_10_0.2_-1_2_18_3
403 384 496 512 560 0 2_256_7_4355_2.5_0.1_-1_1_0.078125
w 688 256 752 256 0
r 560 256 624 256 0 1
c 624 416 624 464 4 5.0000000000000004e-8 2.757221229698695 0.001 0
403 976 336 1104 432 0 23_256_0_135177_5_0.025_-1_2_23_3
c 624 528 688 528 4 0.000002 -0.671421502432066 0.001 0
d 688 576 592 576 2 1N5711
w 688 528 688 576 0
w 592 576 592 464 0
w 592 464 624 416 0
w 784 464 784 528 0
368 752 528 784 576 0 0
403 816 544 944 608 0 42_256_0_4355_2.5_1.6_-1_2_42_3
w 752 368 752 416 0
o 16 256 0 4355 1.25 0.2 0 2 16 3
o 20 256 0 4355 1.25 0.2 0 2 20 3
o 24 256 0 4363 5 0.05 1 2 24 3
o 25 256 0 4355 20 0.00009765625 2 2 25 3
o 1 256 0 4355 5 0.00625 3 2 1 3
o 34 256 0 4355 5 0.00625 3 2 34 3
o 36 256 7 4363 2.5 0.4 4 1 0.3125
o 18 256 7 4363 5 0.2 4 1 0.3125
o 19 256 0 4355 2.5 0.05 5 2 19 3
o 37 256 0 4355 20 0.00625 6 2 37 3
o 23 256 0 4355 2.5 0.025 6 2 23 3
o 17 256 7 135427 0.0390625 0.05 7 1 0.078125
38 7 F1 0 0 4 -1 Voltage
