$ 1 1.0000000000000002e-10 72.29451344610798 39 5 50 5e-11
T 640 528 704 592 14 0.000009999999999999999 0.3333333333333333 0.1999461115539067 -0.015017920209163597 0.999
t 640 480 640 432 1 1 -1.8968913685528022 -0.726309618939239 100 default
c 704 528 704 480 6 1e-8 0.0498494478680349 0.001 0
c 576 528 576 592 6 0.000009999999999999999 0.44880266236000854 0.001 0
w 624 432 576 432 0
r 640 480 576 480 0 100000
w 768 432 768 480 0
w 576 432 576 480 0
w 576 592 640 592 0
162 704 528 640 528 2 default-led 1 0 0 0.01
v 704 320 640 320 0 0 40 1 0 0 0.5
w 704 368 768 368 0
w 576 480 576 528 0
w 768 480 768 528 0
w 640 528 624 528 0
w 624 528 624 608 0
w 704 528 720 528 0
w 720 528 720 608 0
c 624 368 704 368 4 0.00009999999999999999 0.976649133925193 0.001 0
w 576 368 624 368 0
r 576 320 640 320 0 1
c 640 480 640 528 4 1e-8 0.04979292861063067 0.001 0
w 704 480 704 432 0
w 656 432 704 432 0
w 704 592 768 592 0
l 576 368 576 432 0 0.00009999999999999999 0.015037040435323144 0
x 711 492 748 495 4 10 Частота
c 768 528 768 592 6 0.000009999999999999999 -0.4468026621218754 0.001 0
c 624 608 720 608 4 1.0000000000000001e-7 -0.8259519954179045 0.001 0
l 704 432 768 432 0 0.000009999999999999999 0.000018970782983663474 0
l 768 368 768 432 0 0.000009999999999999999 -0.015036890987532569 0
d 704 480 640 480 2 1N4148
s 768 320 768 368 0 0 false
d 704 368 704 432 2 1N4148
w 576 320 576 368 0
w 704 320 768 320 0
d 624 432 624 368 2 1N4148
368 832 416 896 384 0 0
o 9 1024 0 135433 10 0.1 0 2 9 3
o 10 1024 7 135431 5 0.05 0 1 0.078125
o 18 1024 7 4353 1.25 0.4 0 1 0.078125
o 21 1024 0 4355 1.25 0.0125 1 2 21 3
o 28 1024 0 4363 2.5 0.4 2 2 28 3
o 29 1024 0 4355 10 0.2 3 2 29 3
o 9 1024 0 4355 2.5 0.1 3 2 9 3
o 33 1024 0 4353 1.25 0.1 4 2 33 3
o 36 1024 0 4353 2.5 0.1 4 2 36 3
o 1 1024 5 4355 10 0.1 5 1
o 25 1024 0 4355 5 0.05 6 2 25 3
o 30 1024 0 4355 10 0.2 6 2 30 3
o 37 1024 0 4354 0.0000762939453125 3.2 7 2 37 3
38 10 F1 0 0 4 -1 Voltage
