$ 1 1e-8 382.76258214399064 49 5 50 5e-11
T 640 528 704 592 14 0.00022999999999999998 1 0.00014973953516274598 0.0014197290421812403 0.999
c 704 528 704 480 2 6.8e-8 0.2648980572898944 0.001
w 576 432 624 432 0
r 640 480 576 480 0 3700
w 768 432 768 480 0
w 576 432 576 480 0
w 576 592 640 592 0
162 704 528 640 528 2 default-led 1 1 1 0.01
v 640 320 576 320 0 0 40 1 0 0 0.5
w 704 368 768 368 0
w 576 480 576 528 0
w 768 480 768 528 0
w 640 368 704 368 0
w 656 432 704 432 0
w 704 592 768 592 0
l 576 432 576 368 0 0.000009999999999999999 0.001266626219056532 0
x 713 489 750 492 4 10 Частота
w 704 432 704 480 0
t 640 480 640 432 1 1 -0.5528863300282894 0.39456882136714916 100 default
x 589 459 626 462 4 10 Частота
c 640 480 640 528 0 6.8e-8 0.1444546939402443 0.001
d 768 528 704 528 2 1N5712
s 640 320 640 368 0 0 false
209 576 528 576 592 0 0.000001 0.4663265759399869 0.001 1
209 768 592 768 528 0 0.000001 0.4663265764005164 0.001 1
r 576 368 576 320 0 50
d 640 528 576 528 2 1N5711
c 704 592 640 592 0 1e-9 -0.014798559250337129 0.001
w 768 368 768 432 0
l 704 432 768 432 0 0.000009999999999999999 0.00015016488443631362 0
209 576 368 640 368 0 0.00001 0.9480873594256946 0.001 1
o 7 512 0 4361 2.5 0.1 0 2 7 3
o 8 1024 0 135425 2.5 0.0125 1 2 8 3
o 20 1024 0 4099 0.625 0.1 2 2 20 3
o 18 1024 5 4099 20 0.025 3 1
o 15 1024 0 4099 10 0.1 4 2 15 3
o 29 1024 0 4355 1.25 0.1 5 2 29 3
o 24 1024 0 4099 0.625 0.1 6 2 24 3
o 27 1024 0 4099 10 0.1 7 2 27 3
o 30 1024 0 4099 5 0.1 8 2 30 3
o 28 1024 0 4099 0.0000762939453125 0.1 9 2 28 3
38 8 F1 0 0 4 -1 Voltage
38 1 F1 0 0 0.0000010000000000000002 -1 Частота
