$ 1 1e-9 25.510281670702206 39 5 50 5e-11
c 192 160 192 224 0 1e-7 -0.1726749286834458 0.001
t 256 128 304 128 0 1 -1.629717328235268 -1.117535010240022 100 default
c 192 224 192 304 0 1e-7 -0.14446381688044307 0.001
w 80 304 192 304 0
w 80 160 192 160 0
w 0 128 0 160 0
w 192 304 352 304 0
r 304 -16 240 -16 0 50
R 240 -16 192 -16 0 0 40 1 0 0 0.5
g 304 224 304 256 0 0
c 192 224 256 224 0 1e-7 -0.027211111777978306 0.001
r 192 128 256 128 0 1000
T 0 160 80 224 0 0.0000049999999999999996 0.25 0.00007985529843087744 -0.11840463304066146 0.999
w 80 224 80 304 0
w 192 128 0 128 0
w 0 224 0 304 0
w 0 304 80 304 0
162 0 224 0 160 2 default-led 1 0 0 0.01
w 304 144 304 224 0
c 304 112 352 112 0 1e-7 0.39491183174924327 0.001
w 256 224 304 224 0
l 304 48 304 112 0 0.000001 0.009392195979810548 0
w 304 -16 304 48 0
c 304 -16 352 -16 0 0.000001 0.09690866705683521 0.001
w 256 48 304 48 0
d 256 96 192 96 2 1N5711
r 256 48 256 96 0 50000
w 256 96 256 128 0
w 192 96 192 128 0
w 352 -16 352 48 0
w 352 112 352 224 0
d 352 48 352 112 2 1N5711
c 304 224 352 224 0 1e-8 -0.11727048624600254 0.001
r 352 224 352 304 0 0.001
o 0 32 0 4355 0.3125 0.4 0 2 0 3
o 2 32 0 4355 0.3125 0.4 0 2 2 3
o 17 32 7 4107 5 0.1 1 1 0.01953125
o 10 32 0 4355 0.078125 0.1 2 2 10 3
o 19 32 0 4099 0.625 0.1 2 2 19 3
o 3 32 0 4097 1.25 0.8 3 2 3 3
o 9 32 0 4353 0.0000762939453125 0.05 4 2 9 3
o 8 32 7 4097 2.5 0.05 4 1 0.01953125
o 21 32 0 4355 0.078125 0.025 5 2 21 3
38 8 F1 0 0 4 -1 Voltage
