$ 1 1e-11 21.593987231061412 50 5 50 5e-11
f 848 480 896 480 32 0.5 0.02
f 720 432 720 480 32 0.5 0.02
w 736 480 784 480 0
w 784 480 848 480 0
l 784 480 784 400 0 0.000009999999999999999 -0.0038054238167590337 0
w 720 432 720 400 0
w 720 400 784 400 0
w 896 464 896 400 0
w 784 400 896 400 0
w 704 480 704 528 0
w 896 496 896 528 0
w 784 528 896 528 0
g 896 528 896 560 0 0
w 896 528 960 528 0
c 960 400 960 528 4 1e-7 0.999999999999624 0.001 0.1
R 960 400 1040 400 0 0 40 1 0 0 0.5
w 848 416 848 352 0
c 784 400 784 352 4 1e-9 -0.33142052925972854 0.001 0
162 784 352 848 352 2 default-led 1 0 0 0.01
l 896 400 960 400 0 0.000009999999999999999 -0.006767081569356678 0
w 784 352 784 320 0
w 848 352 848 320 0
w 848 416 848 480 0
d 848 320 784 320 2 1N4148
w 784 528 704 528 0
o 15 128 7 135427 5 0.2 0 1 0.01953125
o 18 128 7 135435 10240 0.00625 0 1 0.0390625
o 14 128 0 4355 5 0.00009765625 1 2 14 3
o 1 128 0 4355 5 0.05 2 2 1 3
o 17 128 0 4355 2.5 0.05 3 2 17 3
