$ 1 5.0000000000000004e-8 89.03963197220334 52 5 50 5e-11
c 784 384 784 496 0 0.000001 0.7670535392352379 0.001
406 1072 544 960 608 0 0.000009999999999999999 0.999 -4,4:1 3 2.6020852139652106e-18 -0.00005028894246647542 -8.384895069935006e-10 
c 1024 400 1072 400 0 1.0000000000000001e-7 0.2660074162394687 0.001
r 1024 320 1024 400 0 10000
t 1024 400 960 400 0 1 -0.5010512692658118 0.23338917903157316 100 default
w 960 416 960 464 0
w 960 320 960 384 0
w 784 384 784 320 0
w 784 320 880 320 0
w 1072 400 1072 464 0
w 960 544 784 544 0
w 784 496 784 544 0
r 784 320 704 320 0 1000
R 704 320 640 320 0 0 40 1 0 0 0.5
g 784 544 784 576 0 0
w 1120 496 1120 576 0
w 960 544 960 576 0
w 960 576 1120 576 0
w 1072 496 1120 496 0
162 1072 464 1072 496 2 default-led 1 0 0 0.01
w 960 320 1024 320 0
l 880 320 960 320 0 0.000001 0.00005028978123715656 0
c 1072 400 1072 320 0 1e-9 -0.7670586855052806 0.001
w 1024 320 1072 320 0
o 0 1024 0 4355 1.25 0.8 0 2 0 3
o 19 1024 0 4353 5 0.2 1 2 19 3
o 3 1024 0 4355 10 0.00078125 2 2 3 3
o 13 1024 7 4355 5 0.00625 3 1 0.001220703125
o 4 1024 4 4355 10 0.1 4 1
38 13 F1 0 0 2 -1 Voltage
38 3 F1 0 0 100000 -1 R1
