$ 1 5e-9 382.76258214399064 57 5 50 5e-11
T 640 528 704 592 14 0.00022999999999999998 1 0.00012618982750228308 -0.00172916275935716 0.999
c 704 528 704 480 2 6.8e-8 0.2665109556942327 0.001
w 576 432 624 432 0
r 640 480 576 480 0 3700
w 768 432 768 480 0
w 576 432 576 480 0
w 576 592 640 592 0
162 704 528 640 528 2 default-led 1 1 1 0.01
v 640 320 576 320 0 0 40 1 0 0 0.5
w 704 368 768 368 0
w 576 480 576 528 0
w 768 480 768 528 0
w 640 368 704 368 0
w 656 432 704 432 0
w 704 592 768 592 0
l 576 432 576 368 0 0.000001 -0.0018714522780079819 0
x 713 489 750 492 4 10 Частота
w 704 432 704 480 0
t 640 480 640 432 1 1 -0.4664559454439572 0.49364020806070363 100 default
x 589 459 626 462 4 10 Частота
c 640 480 640 528 0 6.8e-8 0.2456641380535221 0.001
d 768 528 704 528 2 1N5712
s 640 320 640 368 0 0 false
209 576 528 576 592 0 0.000001 0.47077355426029005 0.001 1
209 768 592 768 528 0 0.000001 0.4707735542774581 0.001 1
r 576 368 576 320 0 50
d 640 528 576 528 2 1N5711
c 704 592 640 592 0 1e-9 -0.018552504124775437 0.001
l 704 432 768 432 0 0.000001 0.00014582017067919708 0
209 576 368 640 368 0 0.00001 0.9602633922397324 0.001 1
l 768 368 768 432 0 0.000001 -0.0018714522780231963 0
o 7 512 0 4361 2.5 0.4 0 2 7 3
o 8 1024 0 135425 2.5 0.0125 1 2 8 3
o 18 1024 5 4355 10 0.025 2 1
o 15 1024 0 4099 2.5 0.2 3 2 15 3
o 28 1024 0 4355 2.5 0.2 4 2 28 3
o 24 1024 0 4099 0.625 0.2 5 2 24 3
o 27 1024 0 4099 5 0.2 6 2 27 3
o 29 1024 0 4099 1.25 0.2 7 2 29 3
38 8 F1 0 0 4 -1 Voltage
38 1 F1 0 0 0.0000010000000000000002 -1 Частота
