$ 1 1E-9 10.2003 50 5 50 5E-11
f 800 384 864 384 0 0.5 0.02
T 736 336 800 384 0 5E-5 10 0.0143 -1.71435E-7 0.999
w 864 368 864 336 0
w 800 336 864 336 0
82 864 272 864 208 0 0 40 0.4 0 0 0.5
w 864 400 864 448 0
w 864 448 800 448 0
w 736 448 736 384 0
g 672 336 672 368 0 0
w 800 448 736 448 0
34 zener-12 1 1.7143528192810002e-7 0 2.0000000000000084 12 1
z 800 416 800 384 2 zener-12
z 800 416 800 448 2 zener-12
l 672 336 736 336 0 1E-4 0.017 0
368 800 384 800 352 0 0
w 864 336 928 336 0
c 736 384 736 336 4 1E-9 -1.1476 0.001 0.001
T 928 336 976 352 4 1E-5 10 0.017 -9.31999E-11 0.999
w 928 368 928 400 0
162 1008 336 1008 368 2 default-led 1 0 0 0.01
c 928 400 928 448 4 1E-6 0.3845 0.001 0.001
w 864 448 928 448 0
w 976 336 1008 336 0
w 976 368 1008 368 0
r 864 272 864 336 0 1
o 0 32 0 4355 5 0.1 0 2 0 3
o 4 32 7 135427 5 0.05 1 1 0.0098
o 13 32 0 4355 20 12.8 2 2 13 3
o 10 32 0 4355 20 0.0008 3 2 10 3
o 15 32 0 4355 2.5 0.0125 4 2 15 3
o 18 32 7 135435 20 0.0031 5 1 0.0098
o 19 32 0 4355 0.625 0.05 6 2 19 3
38 4 F1 0 0 2 -1 Voltage
