$ 1 1e-9 18.278915558614752 43 5 50 5e-11
c 192 160 192 224 0 1e-7 -0.08437317459523899 0.001
t 256 128 304 128 0 1 -0.6628547325954401 -0.1858093606095328 100 default
c 192 224 192 304 0 1e-7 0.1384047426482594 0.001
w 80 304 192 304 0
w 80 160 192 160 0
w 0 128 0 160 0
w 192 304 352 304 0
r 304 -16 240 -16 0 50
R 240 -16 192 -16 0 0 40 1 0 0 0.5
g 304 224 304 256 0 0
c 192 224 256 224 0 1e-7 -0.2217779171198935 0.001
r 192 128 256 128 0 1000
T 0 160 80 224 0 0.0000049999999999999996 0.3333333333333333 0.00001236060676443123 0.18566045395243264 0.999
w 80 224 80 304 0
w 192 128 0 128 0
w 0 224 0 304 0
w 0 304 80 304 0
162 -48 224 -48 160 2 default-led 1 0 0 0.01
w 304 144 304 224 0
c 304 112 352 112 0 1e-7 0.8372341876880511 0.001
w 256 224 304 224 0
l 304 48 304 112 0 0.000001 0.011161342209969822 0
w 304 -16 304 48 0
c 304 -16 352 -16 0 0.000001 0.5824530650939788 0.001
w 256 48 304 48 0
d 256 96 192 96 2 1N5711
r 256 48 256 96 0 50000
w 256 96 256 128 0
w 192 96 192 128 0
w 352 -16 352 48 0
w 352 112 352 224 0
d 352 48 352 112 2 1N5711
c 304 224 352 224 0 1e-8 0.36018881570214384 0.001
r 352 224 352 304 0 0.001
r 80 160 80 224 0 1000000
r 0 160 0 224 0 1000000
w -48 224 0 224 0
s -48 160 0 160 0 0 false
o 0 32 0 4355 1.25 0.8 0 2 0 3
o 2 32 0 4355 1.25 0.8 0 2 2 3
o 17 32 7 4107 5 0.1 1 1 0.15625
o 10 32 0 4355 0.3125 0.1 2 2 10 3
o 19 32 0 4099 1.25 0.1 2 2 19 3
o 3 32 0 4097 1.25 0.8 3 2 3 3
o 9 32 0 4353 0.0000762939453125 0.025 4 2 9 3
o 8 32 7 4097 2.5 0.05 4 1 0.0390625
o 21 32 0 4355 0.15625 0.025 5 2 21 3
o 34 32 0 4099 2.5 0.00009765625 6 2 34 3
o 35 32 0 4099 5 0.00009765625 6 2 35 3
38 8 F1 0 0 4 -1 Voltage
