$ 1 1e-8 27.727228452313398 44 5 43 5e-11
w -64 256 16 256 0
c 16 96 16 256 0 0.000001 0.7395940763150634 0.001
r -64 96 16 96 0 10
r 48 96 48 160 0 100000
w 192 192 240 192 0
w 160 192 192 192 0
w 160 96 160 160 0
w 112 96 160 96 0
w 160 96 240 96 0
r 112 288 160 288 0 10
w 48 160 112 160 0
c 48 256 48 160 0 1e-9 -0.5262780602998561 0.001
v -64 256 -64 96 0 0 40 0.99 0 0 0.5
w 112 96 48 96 0
w 112 368 48 368 0
w 112 192 112 240 0
t 160 288 192 288 0 1 0.592379753308196 0.7309339939183762 100 default
T 112 160 160 192 6 0.000009999999999999999 1 0.0027586651034756933 0.09956354121128198 0.999
c 240 96 240 192 0 1e-7 0.23256443636754764 0.001
l 192 192 192 272 0 0.000001 0.18568242561013856 0
w 240 368 192 368 0
162 240 272 304 272 2 default-led 1 0 0 0.01
w 160 368 192 368 0
w 112 240 112 288 0
w 192 304 192 368 0
w 304 368 240 368 0
w 16 256 48 256 0
w 48 256 48 368 0
d 112 368 112 288 2 1N5712
g -64 256 -64 272 0 0
r 304 272 304 368 0 1
w 192 272 240 272 0
w 160 368 112 368 0
w 48 96 16 96 0
o 1 64 0 4099 1.25 0.2 0 2 1 3
o 11 64 0 4099 2.5 0.025 1 2 11 3
o 18 64 0 4107 2.5 0.4 2 2 18 3
o 21 64 7 4097 5 0.1 3 1 0.15625
o 12 64 7 4353 5 0.1 4 1 0.0390625
o 16 64 5 4098 2.5 0.1 5 1
o 30 64 0 4099 0.078125 0.1 6 2 30 3
o 28 64 0 4355 1.25 0.00625 7 2 28 3
38 18 F1 0 0 0.000001 -1 C1
38 12 F1 0 0 3 -1 Voltage
