$ 1 1.0000000000000001e-11 382.76258214399064 44 5 50 5e-11
T 640 528 704 592 14 0.000009999999999999999 0.5 0.008465949206072125 -0.002785557851602411 0.999
c 704 528 704 480 2 9.999999999999999e-10 1.3811238364932794 0.001
c 576 528 576 592 2 0.0000049999999999999996 0.8653699422769987 0.001
w 768 528 768 592 0
w 704 432 768 432 0
w 624 432 576 432 0
r 640 480 576 480 0 50000
w 768 432 768 480 0
w 576 432 576 480 0
w 576 592 640 592 0
w 768 432 768 368 0
162 720 672 672 672 2 default-led 1 0 0 0.01
v 640 320 576 320 0 0 40 1 0 0 0.5
w 704 368 768 368 0
w 576 480 576 528 0
w 768 480 768 528 0
w 640 528 624 528 0
w 624 528 624 608 0
w 704 528 720 528 0
w 720 528 720 672 0
r 624 672 672 672 0 50
c 576 368 640 368 0 1e-8 0.8643849457383964 0.001
w 640 368 704 368 0
r 576 320 576 368 0 100
w 624 608 624 672 0
c 640 480 640 528 0 1e-8 0.40515167709775923 0.001
w 704 480 704 432 0
w 656 432 704 432 0
w 704 592 768 592 0
l 576 368 576 432 0 0.000009999999999999999 0.0028324218944622732 0
w 640 320 640 368 0
x 711 492 748 495 4 10 Частота
f 640 480 640 432 40 0.5 0.02
34 zener-10 1 1.7143528192810002e-7 0 2.0000000000000084 10 1
z 704 480 640 480 2 zener-10
o 2 1024 0 4099 2.5 0.05 0 2 2 3
o 1 1024 0 4355 2.5 0.0015625 0 2 1 3
o 11 1024 0 4361 10 0.0125 1 2 11 3
o 12 1024 7 135431 5 0.05 2 1 0.0048828125
o 21 1024 0 4099 1.25 0.00625 2 2 21 3
o 25 1024 0 4355 0.625 0.003125 3 2 25 3
o 32 1024 0 4099 40 0.05 4 2 32 3
38 12 F1 0 0 4 -1 Voltage
38 1 F1 0 0 1e-8 -1 Частота
