$ 1 1e-9 72.29451344610798 39 5 50 5e-11
T 640 528 704 592 14 0.000009999999999999999 0.3333333333333333 -0.10915737414318508 -0.025555800869127444 0.999
t 640 480 640 432 1 1 -1.8030990457683038 -0.22061844935090513 100 default
c 704 528 704 480 6 1e-8 0.6315705159329646 0.001 0
c 576 528 576 592 6 0.000009999999999999999 0.545155169018724 0.001 0
w 624 432 576 432 0
r 640 480 576 480 0 100000
w 768 432 768 480 0
w 576 432 576 480 0
w 576 592 640 592 0
162 640 528 704 528 2 default-led 1 0 0 0.01
v 704 320 640 320 0 0 40 1 0 0 0.5
w 704 368 768 368 0
w 576 480 576 528 0
w 768 480 768 528 0
w 640 528 624 528 0
w 624 528 624 608 0
w 704 528 720 528 0
w 720 528 720 608 0
c 624 368 704 368 4 0.00009999999999999999 0.9772780750789891 0.001 0
w 576 368 624 368 0
r 576 320 640 320 0 1
c 640 480 640 528 4 1e-8 0.6311494303020945 0.001 0
w 704 480 704 432 0
w 656 432 704 432 0
w 704 592 768 592 0
l 576 368 576 432 0 0.01 0.02557584084152175 0
x 711 492 748 495 4 10 Частота
c 768 528 768 592 6 0.000009999999999999999 -0.543155168751993 0.001 0
c 624 608 720 608 4 1.0000000000000001e-7 -1.4833383955859643 0.001 0
l 704 432 768 432 0 0.000009999999999999999 0.00002004471505845432 0
l 768 368 768 432 0 0.01 -0.025575845584637984 0
d 704 480 640 480 2 1N4148
s 768 320 768 368 0 0 false
d 704 368 704 432 2 1N4148
w 576 320 576 368 0
w 704 320 768 320 0
d 624 432 624 368 2 1N4148
o 3 1024 0 4099 1.25 0.2 0 2 3 3
o 2 1024 0 4355 2.5 0.025 0 2 2 3
o 9 1024 0 135433 10 0.8 1 2 9 3
o 10 1024 7 135431 5 0.05 2 1 0.078125
o 18 1024 7 4353 1.25 0.4 2 1 0.15625
o 21 1024 0 4355 5 0.05 3 2 21 3
o 28 1024 0 4363 10 0.8 4 2 28 3
o 29 1024 0 4355 5 0.4 5 2 29 3
o 9 1024 0 4355 2.5 0.2 5 2 9 3
o 33 1024 0 4355 5 0.2 6 2 33 3
o 30 1024 0 4355 10 0.2 7 2 30 3
o 25 1024 0 4355 10 0.2 8 2 25 3
o 1 1024 4 4355 5 0.1 9 1
o 36 1024 0 4355 5 0.1 10 2 36 3
38 10 F1 0 0 4 -1 Voltage
