$ 1 2e-8 81.92041607667615 53 5 50 5e-11
T 640 528 704 592 14 0.00009999999999999999 1 0.000024502053221893937 -0.000893156142252952 0.999
c 704 528 704 480 2 1.0000000000000002e-7 1.042879246617531 0.001
c 576 528 576 592 2 0.000001 1.0888891710625017 0.001
w 704 432 768 432 0
w 624 432 576 432 0
r 640 480 576 480 0 5000
w 768 432 768 480 0
w 576 432 576 480 0
w 576 592 640 592 0
w 640 368 640 320 0
162 720 672 624 672 2 default-led 1 1 1 0.01
v 640 320 576 320 0 0 40 1 0 0 0.5
w 704 368 768 368 0
w 576 480 576 528 0
w 768 480 768 528 0
w 640 528 624 528 0
w 624 528 624 608 0
w 704 528 720 528 0
w 720 528 720 608 0
c 576 368 640 368 0 0.000001 0.9990665277495788 0.001
w 640 368 704 368 0
r 576 320 576 368 0 1
w 656 432 704 432 0
w 704 592 768 592 0
l 576 368 576 432 0 0.01 0.0009742463110402494 0
x 713 489 750 492 4 10 Частота
w 704 432 704 480 0
t 640 480 640 432 1 1 -0.4067995401258273 0.3368335038654842 100 default
x 589 459 626 462 4 10 Частота
c 640 480 640 528 0 1.0000000000000001e-7 -0.7078054058491419 0.001
c 768 528 768 592 2 0.000001 0.3434948790168062 0.001
d 576 592 576 672 2 1N5711
d 528 592 528 528 2 1N4148
w 624 608 624 672 0
w 720 608 720 672 0
w 576 672 624 672 0
w 528 368 528 528 0
d 768 432 768 368 2 1N5711
w 576 368 528 368 0
w 528 592 528 672 0
w 528 672 576 672 0
c 768 592 768 672 0 1e-8 -1.38638000627831 0.001
r 720 672 768 672 0 1
w 768 592 832 592 0
w 768 528 832 528 0
d 832 528 832 592 2 1N4148
o 2 1024 0 4099 5 0.2 0 2 2 3
o 1 1024 0 4355 2.5 0.2 0 2 1 3
o 10 512 0 4107 5 0.00009765625 1 2 10 3
o 11 1024 0 135425 2.5 0.0125 2 2 11 3
o 19 1024 0 4099 1.25 0.0015625 2 2 19 3
o 24 1024 0 4355 5 0.0125 3 2 24 3
o 31 1024 0 4355 10 0.05 4 2 31 3
o 30 1024 0 4355 5 0.4 5 2 30 3
o 29 1024 0 4099 5 0.4 6 2 29 3
o 27 1024 5 4099 10 0.025 7 1
o 32 1024 0 4099 5 0.0015625 8 2 32 3
o 41 1024 0 4355 10 0.05 9 2 41 3
o 45 1024 0 4099 5 0.003125 10 2 45 3
38 11 F1 0 0 4 -1 Voltage
38 1 F1 0 0 0.0000010000000000000002 -1 Частота
