$ 1 2e-9 10.20027730826997 50 5 50 5e-11
f 800 384 864 384 0 0.5 0.02
T 736 336 800 384 0 0.00009999999999999999 4 -0.007683748904403454 1.714345419931093e-7 0.999
w 864 368 864 336 0
w 864 336 800 336 0
R 864 272 864 208 0 0 40 1 0 0 0.5
w 864 400 864 448 0
w 864 448 800 448 0
w 736 448 736 384 0
w 736 336 656 336 0
g 608 336 608 368 0 0
w 800 448 736 448 0
c 864 336 944 336 4 1e-7 1.0110454022107793 0.001 0
g 944 336 944 368 0 0
l 864 272 864 336 0 0.001 0.004489373020718373 0
z 800 416 800 384 2 default-zener
z 800 416 800 448 2 default-zener
162 656 384 736 384 2 default-led 1 0 0 0.01
w 656 336 656 384 0
w 656 336 608 336 0
o 0 8 0 4355 5 0.05 0 2 0 3
o 11 8 0 4355 5 0.05 1 2 11 3
o 16 8 7 4355 5 0.00009765625 2 1 0.0390625
o 4 8 7 4355 5 0.05 3 1 0.01953125
