$ 1 1E-9 10.2003 50 5 50 5E-11
f 800 384 864 384 0 0.5 0.02
T 736 336 800 384 0 1E-5 10 0.0101 -1.71435E-7 0.999
w 864 368 864 336 0
w 800 336 864 336 0
82 864 272 864 208 0 0 40 0.4 0 0 0.5
w 864 400 864 448 0
w 864 448 800 448 0
w 736 448 736 384 0
g 672 336 672 368 0 0
w 800 448 736 448 0
34 zener-12 1 1.7143528192810002e-7 0 2.0000000000000084 12 1
z 800 416 800 384 2 zener-12
z 800 416 800 448 2 zener-12
l 672 336 736 336 0 1E-4 0.0086 0
368 800 384 800 352 0 0
w 864 336 928 336 0
c 736 384 736 336 4 1E-9 0.5477 0.001 0.001
162 928 336 1008 336 2 default-led 1 0 0 0.01
c 864 448 928 448 4 1E-7 0.3511 0.001 0.001
w 928 400 928 448 0
l 864 272 864 336 0 1E-4 0.0086 0
406 928 400 1008 400 1 1E-5 0.999 1:20 2 0.0086 8.13172E-11 
w 928 336 928 368 0
w 1008 368 1008 336 0
w 1008 400 1008 448 0
w 928 448 1008 448 0
o 0 32 0 4355 2.5 0.05 0 2 0 3
o 4 32 7 135427 5 0.05 1 1 0.0049
o 13 32 0 4355 10 6.4 2 2 13 3
o 10 32 0 4355 10 9.76563E-5 3 2 10 3
o 15 32 0 4355 0.625 0.0063 4 2 15 3
o 16 32 7 135435 20 0.0031 5 1 0.0024
o 17 32 0 4355 1.25 0.025 6 2 17 3
38 4 F1 0 0 2 -1 Voltage
