$ 1 2e-8 382.76258214399064 59 5 50 5e-11
T 640 528 704 592 14 0.00009999999999999999 1 0.00002701065154042337 -0.002742413402907692 0.999
c 704 528 704 480 2 1.0000000000000002e-7 0.27887281045641266 0.001
c 576 528 576 592 2 0.000001 3.45643120765673 0.001
w 704 432 768 432 0
w 624 432 576 432 0
r 640 480 576 480 0 5000
w 768 432 768 480 0
w 576 432 576 480 0
w 576 592 640 592 0
162 704 528 640 528 2 default-led 1 1 1 0.01
v 640 320 576 320 0 0 40 1 0 0 0.5
w 704 368 768 368 0
w 576 480 576 528 0
w 768 480 768 528 0
c 576 368 640 368 0 1.0000000000000001e-7 0.5079524043558659 0.001
w 640 368 704 368 0
r 576 320 576 368 0 1
w 656 432 704 432 0
w 704 592 768 592 0
l 576 368 576 432 0 0.001 0.0027801924801482154 0
x 713 489 750 492 4 10 Частота
w 704 432 704 480 0
t 640 480 640 432 1 1 -0.13558968134421 0.478108391740404 100 default
x 589 459 626 462 4 10 Частота
c 640 480 640 528 0 1.0000000000000001e-7 0.18846721172962244 0.001
c 768 528 768 592 2 0.000001 2.831954158232863 0.001
d 640 528 576 528 2 1N5711
d 640 368 640 320 2 1N5711
w 768 368 768 432 0
d 576 592 640 528 2 1N5711
o 2 1024 0 4099 5 0.2 0 2 2 3
o 1 1024 0 4355 0.625 0.2 0 2 1 3
o 9 512 0 4361 2.5 0.025 1 2 9 3
o 10 1024 0 135425 2.5 0.0125 2 2 10 3
o 14 1024 0 4099 1.25 0.003125 2 2 14 3
o 26 1024 0 4353 1.25 0.1 3 2 26 3
o 25 1024 0 4355 5 0.2 4 2 25 3
o 24 1024 0 4099 0.625 0.2 5 2 24 3
o 22 1024 5 4099 5 0.025 6 1
o 21 1024 0 4099 1.25 0.2 7 2 21 3
o 29 1024 0 4099 5 0.025 8 2 29 3
38 10 F1 0 0 4 -1 Voltage
38 1 F1 0 0 0.0000010000000000000002 -1 Частота
