$ 1 5e-10 124.26481670549957 43 5 50 5e-11
T 640 528 704 592 14 0.000009999999999999999 0.3333333333333333 0.00007483248585068967 -0.009943939965177688 0.999
t 640 480 640 432 1 1 -0.3741624173275655 0.159851001936961 100 default
c 704 528 704 480 2 1e-9 -0.05811473788893687 0.001
c 576 528 576 592 2 0.0000049999999999999996 0.5331967482076742 0.001
w 768 528 768 592 0
w 704 432 768 432 0
w 624 432 576 432 0
r 640 480 576 480 0 5000
w 768 432 768 480 0
w 576 432 576 480 0
w 576 592 640 592 0
w 768 432 768 368 0
162 720 672 672 672 2 default-led 1 0 0 0.01
v 640 320 576 320 0 0 40 1 0 0 0.5
w 704 368 768 368 0
w 576 480 576 528 0
w 768 480 768 528 0
w 640 528 624 528 0
w 624 528 624 608 0
w 704 528 720 528 0
w 720 528 720 672 0
r 624 672 672 672 0 50
c 576 368 640 368 0 1.0000000000000001e-7 0.5405284452273206 0.001
w 640 368 704 368 0
r 576 320 576 368 0 100
w 624 608 624 672 0
c 640 480 640 528 0 1e-8 0.22041371427378031 0.001
w 704 480 704 432 0
w 656 432 704 432 0
w 704 592 768 592 0
l 576 368 576 432 0 0.000009999999999999999 0.010018772498142727 0
w 640 320 640 368 0
o 3 512 0 4099 0.625 0.4 0 2 3 3
o 2 512 0 4355 1.25 0.05 0 2 2 3
o 12 512 0 4361 10 0.1 1 2 12 3
o 13 256 7 135431 5 0.05 2 1 0.01953125
o 22 256 0 4099 1.25 0.025 2 2 22 3
o 26 256 0 4355 0.3125 0.05 3 2 26 3
38 13 F1 0 0 4 -1 Voltage
