$ 1 1e-9 27.727228452313398 53 5 50 5e-11
t 560 432 560 384 0 1 -8.263934670932802 -1.3875822720003592 100 default
t 704 432 704 384 0 -1 8.263934670932802 6.166466060682562 100 default
l 608 384 656 384 0 0.001 -0.00015101573174752805 0
w 656 432 656 496 0
w 656 496 560 496 0
w 608 384 608 432 0
w 608 480 704 480 0
w 576 384 608 384 0
w 656 384 688 384 0
w 544 384 480 384 0
w 720 384 752 384 0
r 944 384 848 384 0 50
c 800 384 800 432 0 1e-8 0.7098863382498817 0.001
w 752 320 704 320 0
w 704 480 704 432 0
c 656 320 656 384 0 5e-11 2.380361409636543 0.001
w 752 320 800 320 0
w 656 256 608 256 0
w 608 320 608 256 0
d 608 384 608 320 2 1N5711
w 704 544 800 544 0
w 800 432 800 544 0
w 480 432 480 496 0
162 656 256 704 256 2 default-led 1 0 0 0.01
162 704 256 752 256 2 default-led 1 0 0 0.01
162 752 256 800 256 2 default-led 1 0 0 0.01
162 800 256 848 256 2 default-led 1 0 0 0.01
w 656 544 608 544 0
w 560 544 480 544 0
c 576 320 576 384 0 1e-9 -0.32837743511647144 0.001
w 576 320 608 320 0
w 480 496 480 544 0
w 480 384 480 432 0
v 944 544 944 384 0 0 40 0.8 0 0 0.5
w 800 544 880 544 0
w 880 544 944 544 0
w 656 320 704 320 0
w 560 432 560 496 0
d 800 320 800 384 2 1N5711
w 800 384 848 384 0
w 704 544 656 544 0
c 480 496 560 496 0 1e-11 1.3875822720003592 0.001
c 848 256 848 320 0 5e-11 0 0.001
w 800 320 848 320 0
s 896 256 896 320 0 0 false
w 848 320 896 320 0
w 848 256 896 256 0
r 656 496 752 496 0 50000
w 608 432 608 480 0
w 656 384 656 432 0
c 608 432 656 432 0 1e-12 8.263934670932802 0.001
w 752 384 800 384 0
w 752 432 752 496 0
w 560 544 608 544 0
w 752 384 752 432 0
d 480 320 576 320 2 1N34
w 480 320 480 384 0
o 2 64 7 4363 80 0.025 0 1 0.01953125
o 23 64 0 4105 2.5 0.0015625 1 2 23 3
o 1 64 4 4098 10 0.1 2 1
o 0 64 5 4354 10 0.1 3 1
o 42 64 0 4099 0.0000762939453125 0.00009765625 4 2 42 3
o 33 64 7 4355 5 0.0125 5 1 0.009765625
38 11 F1 0 0 1000 -1 Resistance
38 33 F1 0 0 2 -1 Voltage
