$ 1 1e-8 32.755850052045055 43 15 50 5e-11
T 624 464 688 528 14 0.00009999999999999999 0.25 0.0766732947240691 0.28716823708194145 0.999
c 688 464 688 416 6 5.0000000000000004e-8 1.5517579518597489 0.001 0
c 560 464 560 528 6 0.000009999999999999999 0.4794906897747633 0.001 0
w 608 368 560 368 0
r 624 416 560 416 0 100000
w 752 368 752 416 0
w 560 368 560 416 0
w 560 528 624 528 0
v 688 256 624 256 0 0 40 1 0 0 0.5
w 688 304 752 304 0
w 560 416 560 464 0
w 752 416 752 464 0
c 608 304 688 304 4 0.000009999999999999999 0.9905932300497563 0.001 0.1
w 560 304 608 304 0
w 688 416 688 368 0
w 640 368 688 368 0
w 688 528 752 528 0
l 560 304 560 368 0 0.0001 0.022902210551741624 0
c 752 464 752 528 6 0.000009999999999999999 -0.47749068963761204 0.001 0
c 624 464 688 464 4 1.2500000000000002e-7 -1.949150141354072 0.001 0
l 688 368 752 368 0 0.001 0.010015493308907442 0
l 752 304 752 368 0 0.0001 -0.02290221055203049 0
s 752 256 752 304 0 0 false
w 560 256 560 304 0
162 752 416 688 416 2 default-led 1 1 1 0.01
f 624 416 624 368 40 0.5 0.02
34 zener-12 1 1.7143528192810002e-7 0 2.0000000000000084 12 1
z 688 416 624 416 2 zener-12
403 384 272 512 352 0 12_256_0_135427_1.25_0.1_-1_2_12_3
403 656 176 784 240 0 8_256_7_135425_2.5_0.05_-1_1_0.078125
403 400 384 528 448 0 4_256_0_4355_10_0.00009765625_-1_2_4_3
403 816 336 960 432 0 24_256_7_167947_5_0.025_-1_1_0.0390625
403 816 464 944 528 0 19_256_0_4355_5_0.2_-1_2_19_3
403 384 496 512 560 0 2_256_0_4355_1.25_0.1_-1_2_2_3
w 688 256 752 256 0
r 560 256 624 256 0 1
c 624 416 624 464 4 5.0000000000000004e-8 1.5517518976921985 0.001 0
403 976 336 1104 432 0 24_256_0_135177_5_0.025_-1_2_24_3
c 624 528 688 528 4 0.000002 0.48725745120743547 0.001 0
o 17 256 0 4355 1.25 0.2 0 2 17 3
o 21 256 0 4355 1.25 0.2 0 2 21 3
o 25 256 0 4363 5 0.025 1 2 25 3
o 26 256 0 4355 20 0.003125 2 2 26 3
o 18 256 0 4355 1.25 0.2 3 2 18 3
o 1 256 0 4355 2.5 0.003125 4 2 1 3
o 35 256 0 4355 2.5 0.003125 4 2 35 3
o 37 256 7 4363 2.5 0.4 5 1 0.3125
o 19 256 7 4363 5 0.2 6 1 0.3125
o 20 256 0 4355 5 0.025 7 2 20 3
38 8 F1 0 0 4 -1 Voltage
