$ 1 1e-8 9.001713130052181 43 5 50 5e-11
w 240 -32 240 16 0
w 240 16 320 16 0
w 320 16 384 16 0
r 112 80 112 128 0 1000
r 384 80 384 128 0 1000
c 112 176 208 176 4 1e-9 -0.28699031585776713 0.001 0
c 384 176 272 176 4 1e-9 4.708858848766714 0.001 0
t 288 256 384 256 0 1 -4.9900062646481445 0.36076231304273243 100 default
w 208 176 288 256 0
w 272 176 208 256 0
t 208 256 112 256 0 1 0.5681377317391982 0.6419097289241635 100 default
R -96 16 -144 16 0 0 40 1.02 0 0 0.5
x 159 212 179 215 4 16 C1
x 317 213 337 216 4 16 C2
x 85 260 106 263 4 16 Q1
x 390 259 411 262 4 16 Q2
368 448 176 448 208 1 0 TG
174 208 144 272 128 1 10000 0.6980000000000001 Resistance
r 240 80 240 128 0 10000
w 208 144 208 176 0
w 272 144 272 176 0
f 448 176 496 176 32 0.5 0.02
w 112 272 112 304 0
w 384 272 384 304 0
406 592 128 496 176 0 0.00009999999999999999 0.999 3:1 2 0.0246928610712089 -0.04656990972397546 
w 496 128 496 160 0
162 592 48 688 48 2 default-led 1 0 0 0.01
c 208 256 288 256 4 1e-8 0.2811474158814311 0.001 0
w 48 112 48 144 0
w 688 128 592 128 0
w 192 80 112 80 0
w 112 128 112 176 0
w 288 80 384 80 0
w 384 128 384 176 0
c 112 16 112 -32 4 0.000001 5.372420314367799 0.001 0.1
c 592 96 592 128 4 2e-8 1.8728186921029581 0.001 0
w 240 80 288 80 0
t -32 224 0 224 0 1 -5.581863636296833 -0.7381651727698377 100 default
T -48 144 0 176 4 0.000009999999999999999 1 -0.011859089905673952 0.14278039437369439 0.999
w 0 176 0 208 0
w -48 112 -48 144 0
w -32 224 -48 224 0
w 0 240 0 272 0
d 0 176 48 176 2 1N4148
r -48 224 -48 176 0 200
w 0 112 -48 112 0
c 48 176 48 272 4 0.0000010000000000000002 6.313576382951632 0.001 0
w 48 272 0 272 0
w 0 112 0 144 0
T 0 16 48 32 0 0.00009999999999999999 1 0.09656133211349556 0.009040600978301167 0.999
w 48 48 48 80 0
w 48 16 112 16 0
w 48 144 48 176 0
l -96 16 -48 16 0 0.000009999999999999999 0.13178420145572795 0
c 0 176 0 144 4 1e-8 3.978120989766576 0.001 0
w 112 16 112 80 0
w 240 -32 176 -32 0
w 0 -32 0 16 0
c 0 -32 0 -80 4 0.000009999999999999999 1.0357094372752171 0.001 0.1
g 0 -80 0 -96 0 0
w -48 16 0 16 0
r 0 48 0 112 0 1
w 0 272 0 304 0
w 496 192 496 304 0
w 592 48 592 96 0
403 528 160 608 208 0 16_64_0_4362_10_6.4_-1_2_16_3
403 576 -32 704 32 0 26_128_0_4362_10_0.05_-1_2_26_3
s 688 48 688 128 0 0 false
w 0 -32 112 -32 0
403 576 -80 704 -32 0 26_128_0_135177_10_0.05_-1_2_26_3
403 -192 -64 -112 0 0 11_64_7_135431_5_0.4_-1_1_0.3125
403 -240 64 -112 128 0 54_64_0_4362_10_0.8_-1_2_54_3
403 -208 192 -80 256 0 37_64_5_37131_10_0.1_-1_1
403 720 64 816 128 0 35_128_0_4354_10_0.05_-1_2_35_3
w 112 -32 176 -32 0
z 240 16 240 80 2 default-zener
w 112 304 208 304 0
w 288 304 384 304 0
d 288 304 288 256 2 1N5711
w 288 304 240 304 0
w 240 304 208 304 0
d 208 304 208 256 2 1N5711
w 192 80 240 80 0
w 112 176 112 240 0
w 384 176 384 240 0
403 32 -144 160 -80 0 58_128_0_4355_2.5_0.2_-1_2_58_3
w 384 304 416 304 0
w 384 16 416 16 0
w 416 16 416 80 0
w 416 304 416 80 0
w 416 16 448 16 0
w 384 176 448 176 0
w 48 80 48 112 0
g 496 304 496 320 0 0
g 0 304 0 336 0 0
w 496 16 496 96 0
c -48 112 -96 112 4 0.0000010000000000000002 0.8655774737604193 0.001 0
w 0 272 -48 272 0
d -48 272 -48 224 2 1N4148
g -96 112 -96 144 0 0
w 448 16 496 16 0
o 34 64 0 4355 10 0.4 0 2 34 3
o 43 64 0 135425 2.5 0.8 1 2 43 3
o 35 64 0 4355 10 0.1 2 2 35 3
o 75 64 0 135427 10 0.00009765625 3 2 75 3
o 61 64 7 135169 0.625 0.1 4 1 0.3125
o 46 64 0 4355 10 0.8 5 2 46 3
o 21 64 7 4353 5 0.05 6 1 1.25
o 96 64 0 4355 2.5 0.8 7 2 96 3
38 11 F1 0 0 3 -1 Voltage
38 44 F1 0 0 1000 -1 R_low_dc-dc
