$ 1 2.0000000000000002e-7 21.593987231061412 56 5 50 5e-11
w 112 16 240 16 0
w 240 16 288 16 0
w 288 16 384 16 0
r 112 80 112 128 0 10000
r 384 80 384 128 0 5000
c 112 176 208 176 4 1e-8 2.4315160254315393 0.001 0
c 384 176 272 176 4 1e-8 1.360847510562251 0.001 0
w 384 176 384 208 0
t 288 256 384 256 0 1 0.531364527446483 0.6075326469422971 100 default
w 208 176 288 256 0
w 272 176 208 256 0
t 208 256 112 256 0 1 -4.3237280634402735 -1.284679391066437 100 default
w 112 176 112 240 0
R -64 16 -112 16 0 0 40 1.02 0 0 0.5
g 496 192 496 224 0 0
x 159 212 179 215 4 16 C1
x 317 213 337 216 4 16 C2
x 85 260 106 263 4 16 Q1
x 390 259 411 262 4 16 Q2
403 192 208 224 240 0 10_256_0_4102_5_0.1_-1_2_10_3
403 272 208 304 240 0 9_256_0_4102_5_0.4_-1_2_9_3
403 320 128 352 160 0 6_128_0_4102_5_0.4_-1_2_6_3
403 144 128 176 160 0 5_128_0_4102_5_0.1_-1_2_5_3
368 448 176 448 208 0 0
174 208 144 272 128 1 10000 0.8267000000000001 Resistance
r 240 80 240 128 0 50000
w 208 144 208 176 0
w 272 144 272 176 0
f 448 176 496 176 0 0.1 0.02
w 112 272 112 304 0
w 384 272 384 304 0
w 384 208 384 240 0
406 592 128 496 176 0 0.001 0.999 1:-2 2 -0.00021247831922106223 -3.6631484629477684e-9 
w 496 128 496 160 0
w 496 16 496 96 0
162 592 48 688 48 2 default-led 1 0 0 0.01
w 64 16 112 16 0
g 112 304 112 320 0 0
g 384 304 384 320 0 0
w 496 16 384 16 0
w 592 48 592 96 0
w 688 128 592 128 0
w 240 80 112 80 0
w 288 80 384 80 0
c 112 80 64 80 4 0.0000010000000000000002 5.701604632448081 0.001 0.1
c 592 96 592 128 4 1e-8 0.04579982904325939 0.001 0
w 240 80 288 80 0
r 112 16 112 80 0 100000
w 688 48 688 128 0
w 112 128 112 176 0
l 0 16 64 16 0 0.001 -0.00004712291728282347 0
w 384 128 384 176 0
d 496 128 384 80 2 1N4148
r -64 16 0 16 0 1e-9
r 384 176 448 176 0 10
w 64 144 64 80 0
g 64 144 64 160 0 0
d 384 16 384 80 2 1N5711
o 23 64 0 4362 10 6.4 0 2 23 3
o 35 64 7 135426 10 0.05 0 1 0.15625
o 13 64 7 135427 5 0.4 1 1 0.078125
o 35 64 0 4354 10 0.05 2 2 35 3
o 4 64 0 4355 10 0.003125 3 2 4 3
o 45 64 0 4355 10 0.1 4 2 45 3
o 44 64 0 4355 10 0.05 5 2 44 3
o 3 64 0 4355 10 0.0015625 6 2 3 3
o 52 64 0 4355 10 0.05 7 2 52 3
38 3 F1 0 0 10000 -1 R1
38 4 F1 0 0 10000 -1 R2
38 25 F1 0 1 10000 -1 R3
38 13 F1 0 0 3 -1 Voltage
