$ 1 1e-8 382.76258214399064 53 5 50 5e-11
T 640 528 704 592 14 0.000009999999999999999 0.5 0.00019097581953710278 -0.009484027155434087 0.999
c 704 528 704 480 2 1.0000000000000002e-7 -0.35736934496533573 0.001
c 576 528 576 592 2 0.00009999999999999999 0.26844782053973254 0.001
w 704 432 768 432 0
w 624 432 576 432 0
r 640 480 576 480 0 2000
w 768 432 768 480 0
w 576 432 576 480 0
w 576 592 640 592 0
w 768 432 768 368 0
162 672 672 624 672 2 default-led 1 1 1 0.01
v 640 320 576 320 0 0 40 1 0 0 0.5
w 704 368 768 368 0
w 576 480 576 528 0
w 768 480 768 528 0
w 640 528 624 528 0
w 624 528 624 608 0
w 704 528 720 528 0
w 720 528 720 608 0
c 576 368 640 368 0 0.0000010000000000000002 0.5533727601844358 0.001
w 640 368 704 368 0
r 576 320 576 368 0 50
w 656 432 704 432 0
w 704 592 768 592 0
l 576 368 576 432 0 0.001 0.009675003014793461 0
w 640 320 640 368 0
x 713 489 750 492 4 10 Частота
w 704 432 704 480 0
t 640 480 640 432 1 1 -0.3813216431789171 0.154500869016916 100 default
162 720 672 672 672 2 default-led 1 1 1 0.01
x 589 459 626 462 4 10 Частота
c 640 480 640 528 0 1.0000000000000001e-7 0.5119851478101863 0.001
c 768 528 768 592 2 0.00009999999999999999 -0.267317185397447 0.001
d 624 672 576 672 2 1N5711
w 624 672 624 608 0
w 576 592 576 672 0
w 720 608 720 672 0
o 2 1024 0 4099 0.625 3.2 0 2 2 3
o 1 1024 0 4355 1.25 0.4 0 2 1 3
o 10 512 0 4105 10 0.4 1 2 10 3
o 11 1024 7 135427 5 0.05 2 1 0.01953125
o 19 1024 0 4099 1.25 0.003125 2 2 19 3
o 24 1024 0 4099 5 0.025 3 2 24 3
o 33 1024 0 4353 10 0.2 4 2 33 3
38 11 F1 0 0 4 -1 Voltage
38 1 F1 0 0 0.0000010000000000000002 -1 Частота
