$ 1 1e-8 54.00526672067058 46 15 50 5e-11
T 624 464 688 528 14 0.00009999999999999999 0.25 -0.13468246540284146 -0.46990005631326764 0.999
c 688 464 688 416 6 5.0000000000000004e-8 3.4956379527765824 0.001 0
c 560 464 560 528 6 0.000009999999999999999 0.6011292585261079 0.001 0
w 608 368 560 368 0
r 624 416 560 416 0 100000
w 560 368 560 416 0
w 560 528 624 528 0
v 688 256 624 256 0 0 40 1 0 0 0.5
w 688 304 752 304 0
w 560 416 560 464 0
w 752 416 752 464 0
c 608 304 688 304 4 0.00009999999999999999 0.9679353679934593 0.001 0.1
w 560 304 608 304 0
w 688 416 688 368 0
w 640 368 688 368 0
w 688 528 752 528 0
l 560 304 560 368 0 0.0001 -0.03397059347580321 0
c 624 464 688 464 4 1.2500000000000002e-7 0.25054713307886 0.001 0
l 688 368 752 368 0 0.01 0.03463622554605738 0
l 784 416 784 464 0 0.0001 0 0
s 752 256 752 304 0 0 false
w 560 256 560 304 0
162 752 416 688 416 2 default-led 1 1 1 0.01
f 624 416 624 368 40 0.5 0.02
34 zener-12 1 1.7143528192810002e-7 0 2.0000000000000084 12 1
z 688 416 624 416 2 zener-12
403 384 272 512 352 0 11_256_0_135427_1.25_0.1_-1_2_11_3
403 656 176 784 240 0 7_256_7_135425_2.5_0.05_-1_1_0.078125
403 400 384 528 448 0 4_256_0_4355_20_0.0001953125_-1_2_4_3
403 816 336 960 432 0 22_256_7_167947_5_0.025_-1_1_0.0390625
403 816 432 944 496 0 17_256_0_4355_10_0.2_-1_2_17_3
403 384 496 512 560 0 2_256_7_4355_2.5_0.1_-1_1_0.078125
w 688 256 752 256 0
r 560 256 624 256 0 1
c 624 416 624 464 4 5.0000000000000004e-8 3.495644983162884 0.001 0
403 976 336 1104 432 0 22_256_0_135177_5_0.025_-1_2_22_3
c 624 528 688 528 4 0.000002 -0.062657072125407 0.001 0
d 688 576 592 576 2 1N5711
w 688 528 688 576 0
w 592 576 592 464 0
w 592 464 624 416 0
w 784 320 784 384 0
368 752 528 784 576 0 0
403 816 544 944 608 0 41_256_0_4355_0.625_0.8_-1_2_41_3
w 752 368 752 416 0
w 752 304 752 368 0
c 752 464 752 528 4 0.00001 -0.3666299195030763 0.001 0
o 16 256 0 4355 2.5 0.2 0 2 16 3
o 19 256 0 4355 0.0000762939453125 0.00009765625 0 2 19 3
o 23 256 0 4363 5 0.05 1 2 23 3
o 24 256 0 4355 20 0.00625 2 2 24 3
o 1 256 0 4355 5 0.00625 3 2 1 3
o 33 256 0 4355 5 0.00625 3 2 33 3
o 35 256 7 4363 2.5 0.4 4 1 0.625
o 17 256 7 4363 5 0.2 4 1 0.625
o 18 256 7 4355 2.5 0.05 5 1 0.078125
o 36 256 0 4355 20 0.00625 6 2 36 3
o 22 256 0 4355 2.5 0.025 6 2 22 3
38 7 F1 0 0 4 -1 Voltage
