$ 1 5e-9 14.235633750745258 47 5 50 5e-11
t 560 432 560 384 0 1 0.6192162832965893 0.6520021016617452 100 default
t 704 432 704 384 0 -1 -0.6192187024496781 -0.6519268300723969 100 default
l 608 384 656 384 0 0.00009999999999999999 -0.0012893482862245261 0
w 656 384 656 496 0
r 560 432 560 496 0 100
r 704 432 704 480 0 100
w 656 496 560 496 0
w 608 384 608 480 0
w 608 480 704 480 0
w 576 384 608 384 0
w 656 384 688 384 0
w 544 384 480 384 0
w 720 384 800 384 0
R 864 384 864 336 0 0 40 1.2 0 0 0.5
r 864 384 800 384 0 10
c 800 384 800 432 0 0.000001 0.9431185430787153 0.001
g 800 544 800 560 0 0
w 752 320 656 320 0
w 800 384 800 320 0
c 656 320 656 384 0 1e-9 0.0327081276227188 0.001
w 752 320 800 320 0
w 800 320 800 256 0
w 608 320 608 256 0
w 608 320 608 384 0
d 656 544 656 496 2 1N5711
w 656 544 800 544 0
w 800 432 800 544 0
w 480 384 480 544 0
162 608 256 656 256 2 default-led 1 0 0 0.01
162 656 256 704 256 2 default-led 1 0 0 0.01
162 704 256 752 256 2 default-led 1 0 0 0.01
162 752 256 800 256 2 default-led 1 0 0 0.01
w 656 544 560 544 0
w 560 544 480 544 0
o 15 64 0 4099 1.25 0.4 0 2 15 3
o 2 64 0 4099 40 0.1 1 2 2 3
o 16 64 0 4099 0.0000762939453125 0.05 2 2 16 3
o 19 64 0 4099 10 0.8 3 2 19 3
38 13 F1 0 0 4 -1 Voltage
