$ 1 5e-10 8.281975887399955 55 5 50 5e-11
t 560 432 560 384 0 1 0.4938604978895873 0.6351867949909733 100 default
t 704 432 704 384 0 -1 -0.4938604978895873 -0.6351855545379642 100 default
l 608 384 656 384 0 0.001 -0.004521983861731139 0
w 656 384 656 496 0
w 656 496 560 496 0
w 608 384 608 480 0
w 608 480 704 480 0
w 576 384 608 384 0
w 656 384 688 384 0
w 544 384 480 384 0
w 720 384 800 384 0
r 944 384 880 384 0 50
c 800 384 800 432 0 1e-8 0.7765118516393502 0.001
w 752 320 704 320 0
w 704 480 704 432 0
c 656 320 656 384 0 5e-11 0.07605677423218982 0.001
w 752 320 800 320 0
w 800 320 800 256 0
w 608 320 608 256 0
d 608 384 608 320 2 1N5711
w 704 544 800 544 0
w 800 432 800 544 0
w 480 432 480 496 0
162 608 256 656 256 2 default-led 1 0 0 0.01
162 656 256 704 256 2 default-led 1 0 0 0.01
162 704 256 752 256 2 default-led 1 0 0 0.01
162 752 256 800 256 2 default-led 1 0 0 0.01
w 656 544 560 544 0
w 560 544 480 544 0
c 576 320 576 384 0 1e-8 -0.265659541279425 0.001
w 576 320 608 320 0
w 480 496 480 544 0
w 480 384 480 432 0
v 944 544 944 384 0 0 40 1 0 0 0.5
w 800 544 880 544 0
w 880 544 944 544 0
w 656 320 704 320 0
w 560 432 560 496 0
d 800 320 800 384 2 1N5711
w 800 384 880 384 0
w 704 544 656 544 0
o 12 64 0 4099 2.5 0.0125 0 2 12 3
o 2 64 0 4099 5 0.00625 1 2 2 3
o 23 64 7 4107 10 0.00625 2 1 0.0000762939453125
o 1 64 4 4098 5 0.1 3 1
o 0 64 5 4098 5 0.1 4 1
38 11 F1 0 0 1000 -1 Resistance
38 33 F1 0 0 2 -1 Voltage
