$ 1 5e-10 124.26481670549957 52 5 50 5e-11
T 640 528 704 592 14 0.000009999999999999999 0.3333333333333333 4.6876405617964057e-7 -0.002496901650088826 0.999
t 640 480 640 432 1 1 -0.04226325344035731 0.5897398768146549 100 default
c 704 480 704 432 2 1e-9 0.5896816134172849 0.001
c 576 528 576 592 2 0.0000049999999999999996 0.6320211500837294 0.001
w 768 528 768 592 0
w 704 432 768 432 0
w 624 432 576 432 0
r 640 480 576 480 0 5000
w 768 432 768 480 0
w 576 432 576 480 0
w 576 592 640 592 0
r 576 432 576 368 0 10
w 768 432 768 368 0
162 720 672 672 672 2 default-led 1 0 0 0.01
r 704 592 768 592 0 0.001
r 656 432 704 432 0 0.001
v 640 320 576 320 0 0 40 1 0 0 0.5
l 640 368 640 320 0 0.000009999999999999999 0.003350050061490906 0
w 704 368 768 368 0
w 576 480 576 528 0
w 640 480 640 528 0
w 768 480 768 528 0
r 704 480 704 528 0 0.001
w 640 528 624 528 0
w 624 528 624 608 0
w 704 528 720 528 0
w 720 528 720 672 0
r 624 672 672 672 0 50
c 576 368 640 368 0 1.0000000000000001e-7 0.665041366163467 0.001
w 640 368 704 368 0
r 576 320 576 368 0 100
w 624 608 624 672 0
o 3 512 0 4099 1.25 0.8 0 2 3 3
o 2 512 0 4355 2.5 0.05 0 2 2 3
o 13 512 0 4361 10 0.05 1 2 13 3
o 16 256 7 135431 5 0.05 2 1 0.009765625
o 28 256 0 4099 1.25 0.2 2 2 28 3
o 1 256 1 4099 5 0.05 3 1
38 16 F1 0 0 4 -1 Voltage
