$ 1 1e-9 30.13683688681966 46 5 50 5e-11
T 640 544 704 608 14 0.000009999999999999999 0.5 0.000051793179978379175 -0.002737494341181914 0.999
t 640 480 640 432 1 1 -0.05348664729809305 0.5440615170640158 100 default
c 704 544 704 480 6 1.0000000000000001e-7 0.26154224307436014 0.001 0
c 768 544 768 480 6 0.000001 0.2988062567456462 0.001 0
w 704 608 768 608 0
w 768 544 768 608 0
w 656 432 704 432 0
w 704 432 768 432 0
w 624 432 576 432 0
r 640 480 576 480 0 1000
w 576 432 576 480 0
w 576 544 576 608 0
w 576 608 640 608 0
r 768 480 704 480 0 400
g 768 432 800 432 0 0
R 448 432 400 432 0 0 40 0.6 0 0 0.5
162 672 640 608 640 2 default-led 1 1 1 0.02
l 512 432 576 432 0 0.00009999999999999999 0.002927513907083548 0
c 640 480 640 544 4 1.0000000000000001e-7 0.26154212148062533 0.001 0
c 576 480 576 544 6 0.000001 0.298806256772431 0.001 0
w 768 432 768 480 0
r 448 432 512 432 0 1
c 512 432 512 496 4 0.000001 0.5970999210318302 0.001 0
g 512 496 512 512 0 0
w 640 544 608 544 0
w 704 544 736 544 0
w 608 544 608 640 0
w 608 640 608 688 0
l 736 640 736 688 0 0.00009999999999999999 -3.332321667624591e-7 0
d 736 544 736 640 2 1N5711
r 672 640 736 640 0 10
c 736 688 608 688 4 1.0000000000000001e-7 0.5096213850874911 0.001 0
c 640 480 704 480 4 1e-11 0.5232129897622056 0.001 0
o 16 128 7 135177 1.25 0.4 0 1 0.15625
o 15 128 7 135427 5 0.1 0 1 0.0048828125
o 22 64 0 4355 1.25 0.0125 1 2 22 3
o 18 64 0 4355 0.3125 0.05 2 2 18 3
o 1 64 4 4355 2.5 0.0125 3 1
o 16 64 0 4361 5 0.1 4 2 16 3
o 31 64 0 4355 0.625 0.003125 5 2 31 3
o 29 64 0 4355 2.5 0.1 6 2 29 3
o 19 64 0 4355 0.625 0.1 7 2 19 3
38 13 F1 0 0 1000 -1 R1
38 9 F1 0 0 10000 -1 R2
38 15 F1 0 0 3 -1 Voltage
