$ 1 1e-8 38.696464541249114 50 15 50 5e-11
T 624 464 688 528 14 0.001 0.14285714285714285 0.013896013893881017 0.0000675065834670691 0.999
c 688 464 688 416 6 1e-8 4.480225367535572 0.001 0
c 560 464 560 528 6 0.000009999999999999999 0.40414512654031454 0.001 0
w 608 368 560 368 0
r 624 416 560 416 0 100000
w 752 368 752 416 0
w 560 368 560 416 0
w 560 528 624 528 0
v 688 256 624 256 0 0 40 1 0 0 0.5
w 688 304 752 304 0
w 560 416 560 464 0
w 752 416 752 464 0
c 608 304 688 304 4 0.000009999999999999999 0.9493410615164127 0.001 0.1
w 560 304 608 304 0
w 688 416 688 368 0
w 640 368 688 368 0
w 688 528 752 528 0
l 560 304 560 368 0 0.001 0.007722200783247896 0
c 752 464 752 528 6 0.000009999999999999999 -0.5215369694503917 0.001 0
c 624 464 688 464 4 1.0000000000000001e-7 4.822040466200548 0.001 0
l 688 368 752 368 0 0.01 0.007789708138854501 0
l 752 304 752 368 0 0.001 -0.007722201555368679 0
s 752 256 752 304 0 0 false
w 560 256 560 304 0
162 688 304 688 368 2 default-led 1 0 0 0.01
f 624 416 624 368 40 0.5 0.02
34 zener-12 1 1.7143528192810002e-7 0 2.0000000000000084 12 1
z 688 416 624 416 2 zener-12
w 624 416 624 464 0
403 384 272 512 352 0 12_256_0_135427_2.5_0.025_-1_2_12_3
403 656 176 784 240 0 8_256_7_135425_2.5_0.05_-1_1_0.01953125
403 400 384 528 448 0 4_256_0_4355_20_0.0001953125_-1_2_4_3
403 816 336 960 432 0 24_128_7_168203_5_0.025_-1_1_0.01953125
403 816 464 944 528 0 19_256_0_4355_10_0.1_-1_2_19_3
403 384 496 512 560 0 2_256_0_4355_0.625_0.0125_-1_2_2_3
w 688 256 752 256 0
r 560 256 624 256 0 10
o 17 256 0 4355 5 0.025 0 2 17 3
o 21 256 0 4355 5 0.025 0 2 21 3
o 25 256 0 4363 10 0.0125 1 2 25 3
o 26 256 0 4355 20 0.003125 2 2 26 3
o 18 256 0 4355 2.5 0.025 3 2 18 3
o 1 256 0 4355 10 0.003125 4 2 1 3
o 20 256 0 4355 10 0.0125 5 2 20 3
38 8 F1 0 0 4 -1 Voltage
