$ 1 2e-8 382.76258214399064 59 5 50 5e-11
T 640 528 704 592 14 0.00022999999999999998 1 0.000010907872917323796 -0.0014270890058875856 0.999
c 704 528 704 480 2 6.8e-8 0.08208902291812614 0.001
c 576 528 576 592 2 0.00009999999999999999 0.296132972332145 0.001
w 704 432 768 432 0
w 624 432 576 432 0
r 640 480 576 480 0 3700
w 768 432 768 480 0
w 576 432 576 480 0
w 576 592 640 592 0
162 704 528 640 528 2 default-led 1 1 1 0.01
v 640 320 576 320 0 0 40 1 0 0 0.5
w 704 368 768 368 0
w 576 480 576 528 0
w 768 480 768 528 0
c 576 368 640 368 0 0.001 0.538483056626666 0.001
w 640 368 704 368 0
r 576 320 576 368 0 1
w 656 432 704 432 0
w 704 592 768 592 0
l 576 368 576 432 0 0.001 0.0014628472635436023 0
x 713 489 750 492 4 10 Частота
w 704 432 704 480 0
t 640 480 640 432 1 1 -0.040115726422364495 0.5000638903799142 100 default
x 589 459 626 462 4 10 Частота
c 640 480 640 528 0 6.8e-8 0.4175520831409578 0.001
c 768 528 768 592 2 0.00009999999999999999 -0.24446989017513565 0.001
d 640 528 560 528 2 1N5711
d 640 368 640 320 2 1N5711
w 768 368 768 432 0
d 768 528 704 528 2 1N5711
w 560 528 560 368 0
w 560 368 576 368 0
o 2 1024 0 4099 1.25 0.1 0 2 2 3
o 1 1024 0 4355 0.3125 0.025 0 2 1 3
o 9 512 0 4361 2.5 0.1 1 2 9 3
o 10 1024 0 135425 2.5 0.00625 2 2 10 3
o 14 1024 0 4099 1.25 0.0125 2 2 14 3
o 26 1024 0 4353 1.25 0.00009765625 3 2 26 3
o 25 1024 0 4355 1.25 0.2 4 2 25 3
o 24 1024 0 4099 0.625 0.05 5 2 24 3
o 22 1024 5 4099 10 0.025 6 1
o 21 1024 0 4099 1.25 0.05 7 2 21 3
o 29 1024 0 4099 0.625 0.00009765625 8 2 29 3
38 10 F1 0 0 4 -1 Voltage
38 1 F1 0 0 0.0000010000000000000002 -1 Частота
