$ 1 2e-8 30.13683688681966 40 5 50 5e-11
T 640 464 704 528 14 0.00009999999999999999 0.5 0.00031891166357633826 -0.0307695080479135 0.999
c 704 464 704 416 2 6.8e-8 0.32210818612091324 0.001
w 576 368 624 368 0
r 640 416 576 416 0 2000.8
w 768 368 768 416 0
w 576 368 576 416 0
w 576 528 640 528 0
162 704 464 640 464 2 default-led 1 1 1 0.1
v 640 192 576 192 0 0 40 1 0 0 0.5
w 704 304 768 304 0
w 576 416 576 464 0
w 768 416 768 464 0
w 640 304 704 304 0
w 656 368 704 368 0
w 704 528 768 528 0
l 576 368 576 304 0 0.000001 -0.03108004934275884 0
x 713 425 750 428 4 10 Частота
w 704 368 704 416 0
t 640 416 640 368 1 1 -0.6308521187451863 0.147264648848089 100 default
x 589 395 626 398 4 10 Частота
c 640 416 640 464 0 6.8e-8 -0.269673911634256 0.001
s 640 192 640 240 0 0 false
209 576 464 576 528 0 0.000009999999999999999 0.41278323305071696 0.001 1
209 768 528 768 464 0 0.000009999999999999999 0.41278323311288034 0.001 1
r 576 240 576 192 0 100
c 704 576 640 576 0 1e-9 0.04746408543591413 0.001
l 704 368 768 368 0 0.0000010000000000000002 0.00031569081467332173 0
209 576 304 640 304 0 0.000009999999999999999 0.774213651089661 0.001 1
l 768 304 768 368 0 0.000001 -0.031080049342906403 0
g 832 304 832 336 0 0
w 768 304 832 304 0
w 640 528 640 576 0
w 704 528 704 576 0
w 640 240 640 304 0
w 576 304 576 240 0
r 704 464 768 464 0 100000
r 576 464 640 464 0 100000
o 7 256 0 4361 2.5 0.4 0 2 7 3
o 8 512 7 135425 2.5 0.0125 1 1 0.009765625
o 18 1024 5 4355 40 0.025 2 1
o 27 256 0 4355 1.25 0.4 3 2 27 3
o 20 1024 0 4355 1.25 0.1 4 2 20 3
o 22 1024 0 4355 0.625 0.4 5 2 22 3
o 23 1024 0 4355 0.625 0.4 6 2 23 3
o 25 1024 0 4355 2.5 0.2 7 2 25 3
38 8 F1 0 0 4 -1 Voltage
38 3 F1 0 1 10000 -1 R1
