$ 1 1e-10 21.593987231061412 50 5 50 5e-11
f 848 480 896 480 32 0.5 0.02
f 720 432 720 480 32 0.5 0.02
w 736 480 784 480 0
w 784 480 848 480 0
l 784 480 784 400 0 0.000009999999999999999 -0.0056361878455256495 0
w 720 432 720 400 0
w 720 400 784 400 0
w 896 464 896 400 0
w 784 400 896 400 0
w 704 480 704 528 0
w 896 496 896 528 0
w 848 528 896 528 0
g 896 528 896 560 0 0
w 896 528 960 528 0
c 960 400 960 528 4 1.0000000000000001e-7 0.999999999999978 0.001 0.1
R 960 400 1040 400 0 0 40 1 0 0 0.5
w 848 480 848 368 0
c 784 368 784 320 4 1e-8 -0.2894142434433382 0.001 0
162 784 320 848 320 2 default-led 1 0 0 0.01
l 896 400 960 400 0 0.00009999999999999999 -0.007321227415459772 0
w 784 400 784 368 0
w 848 272 848 320 0
d 848 272 784 272 2 1N5711
w 784 528 704 528 0
z 672 480 672 432 2 default-zener
w 672 432 720 432 0
w 672 480 704 480 0
w 784 528 848 528 0
z 848 528 848 480 2 default-zener
c 848 320 848 368 4 1e-8 -0.25051320194756166 0.001 0
w 784 272 784 320 0
o 15 128 7 135427 5 0.2 0 1 0.009765625
o 18 128 7 135435 10240 0.00625 0 1 0.01953125
o 1 128 0 4355 5 0.0125 1 2 1 3
o 0 128 0 4355 5 0.0125 1 2 0 3
o 28 128 0 4355 5 0.00009765625 2 2 28 3
o 24 128 0 4355 5 0.00009765625 2 2 24 3
o 18 128 0 4355 2.5 0.0125 3 2 18 3
