$ 1 1E-8 10.2003 48 5 50 5E-11
f 800 384 864 384 0 0.5 0.02
T 736 336 800 384 0 1E-4 20 0.0083 1.98648E-6 0.999
w 864 368 864 336 0
82 864 208 864 144 0 0 40 0.5 0 0 0.5
w 736 464 736 384 0
g 672 336 672 368 0 0
w 800 464 736 464 0
l 672 336 736 336 0 0.001 0.0097 0
c 736 384 736 336 4 1E-8 0.6448 0.001 0.001
162 1008 272 928 272 2 default-led 1 0 0 0.01
406 928 368 1008 368 1 1E-4 0.999 3\p1:-10 3 0.01 0.0019 0.0063 
w 928 416 928 368 0
w 864 400 864 416 0
r 800 336 864 336 0 500000
w 864 416 864 464 0
w 928 336 864 336 0
w 800 464 864 464 0
w 864 464 928 464 0
c 928 416 928 464 4 1E-6 0.5101 0.001 0.001
w 864 304 928 304 0
368 800 384 800 352 0 0
34 zener-12 1 1.7143528192810002e-7 0 2.0000000000000084 12 1
z 800 416 800 384 2 zener-12
z 800 416 800 464 2 default-zener
w 864 272 864 304 0
w 1008 272 1008 304 0
w 1008 368 1008 416 0
w 1008 464 928 464 0
w 928 272 864 272 0
c 864 304 864 336 4 1E-8 0.1591 0.001 0.001
c 864 272 800 272 4 1E-6 0.5213 0.001 0.001
w 800 272 736 272 0
w 736 272 736 336 0
r 864 208 864 272 0 1
w 1008 416 1008 464 0
w 736 272 672 272 0
o 0 32 0 4355 5 0.0512 0 2 0 3
o 3 32 7 135427 5 0.05 1 1 0.0104
o 9 32 7 135435 20 0.0124 2 3 0.0192 9 0 9 3
o 9 32 0 4353 20 0.0128 2 2 9 3
o 8 32 0 4363 5.0176 0.0512 3 2 8 3
o 20 32 0 4355 20 25.6 4 2 20 3
o 18 32 0 4355 1.25 0.025 5 2 18 3
o 29 32 0 4355 0.625 0.05 6 2 29 3
o 17 32 0 4353 5 0.05 7 2 17 3
38 3 F1 0 0 2 -1 Voltage
