$ 1 3.0000000000000004e-9 382.76258214399064 46 5 50 5e-11
T 640 464 704 528 14 0.00022999999999999998 0.5 0.0004726960435248767 -0.002433414249834136 0.999
c 704 464 704 416 2 6.8e-8 0.19091157808673218 0.001
w 576 368 624 368 0
r 640 416 576 416 0 3700
w 768 368 768 416 0
w 576 368 576 416 0
w 576 528 640 528 0
162 640 528 704 528 2 default-led 1 1 1 0.1
v 640 256 576 256 0 0 40 1.48 0 0 0.5
w 704 304 768 304 0
w 576 416 576 464 0
w 768 416 768 464 0
w 640 304 704 304 0
w 656 368 704 368 0
w 704 528 768 528 0
l 576 368 576 304 0 0.000001 -0.0029074317350361823 0
x 713 425 750 428 4 10 Частота
w 704 368 704 416 0
t 640 416 640 368 1 1 -1.7489728381883651 -0.3120044888368896 100 default
x 589 395 626 398 4 10 Частота
c 640 416 640 464 0 6.8e-8 -0.5135133246842456 0.001
d 768 464 704 464 2 1N5712
s 640 256 640 304 0 0 false
209 576 464 576 528 0 0.00009999999999999999 0.721135068118051 0.001 1
209 768 528 768 464 0 0.00009999999999999999 0.7211350680789396 0.001 1
r 576 304 576 256 0 10
d 640 464 576 464 2 1N5712
c 704 576 640 576 0 1e-9 0.005304544803640843 0.001
l 704 368 768 368 0 0.0000010000000000000002 0.0004726953460572757 0
209 576 304 640 304 0 0.000001 1.4367650475951186 0.001 1
l 768 304 768 368 0 0.000001 -0.0029074317265005718 0
g 832 304 832 336 0 0
w 768 304 832 304 0
d 704 304 704 368 2 1N5712
w 640 528 640 576 0
w 704 528 704 576 0
o 7 512 0 4361 2.5 0.4 0 2 7 3
o 8 512 7 135425 2.5 0.0125 1 1 0.15625
o 18 1024 5 4355 80 0.025 2 1
o 29 256 0 4355 2.5 0.4 3 2 29 3
o 21 1024 0 4355 10 0.8 4 2 21 3
o 26 1024 0 4363 40 0.2 4 2 26 3
o 20 1024 0 4355 1.25 0.2 5 2 20 3
o 23 1024 0 4355 1.25 0.8 6 2 23 3
o 24 1024 0 4355 1.25 0.8 6 2 24 3
o 27 1024 0 4355 2.5 0.4 7 2 27 3
o 33 1024 0 4355 5 0.2 8 2 33 3
38 8 F1 0 0 4 -1 Voltage
38 1 F1 0 0 0.0000010000000000000002 -1 Частота
