$ 1 1e-8 35.60246606707791 46 5 50 5e-11
T 640 544 704 608 14 0.000009999999999999999 0.3333333333333333 -0.022388402479815724 0.039780135303169956 0.999
t 640 480 640 432 1 1 0.34197758837304343 0.7152988039918299 100 default
c 704 544 704 480 6 1e-8 0.36513231730839524 0.001 0.1
c 768 544 768 480 6 0.000001 0.3752254436832058 0.001 0.1
w 704 608 768 608 0
w 768 544 768 608 0
w 656 432 704 432 0
w 704 432 768 432 0
w 624 432 576 432 0
r 640 480 576 480 0 1000
w 576 432 576 480 0
w 576 544 576 608 0
w 576 608 640 608 0
r 768 480 704 480 0 500
g 768 432 800 432 0 0
R 448 432 400 432 0 0 40 0.81 0 0 0.5
c 640 480 640 544 4 1e-8 -0.046734485185084496 0.001 0
c 576 480 576 544 6 0.000001 0.3845916201611948 0.001 0
w 768 432 768 480 0
r 448 432 512 432 0 1
w 576 608 576 672 0
d 576 672 640 672 2 1N4148
c 640 672 640 736 4 1e-8 0.52521435157997 0.001 0
c 640 480 704 480 4 1e-11 1.4835618455923818 0.001 0
g 640 736 640 752 0 0
l 512 432 576 432 0 0.000009999999999999999 0.04501527228622848 0
c 512 432 512 480 4 0.000001 0.7660006467779639 0.001 0
g 512 480 512 496 0 0
w 704 672 640 672 0
162 704 672 704 736 2 default-led 1 0 0 0.01
s 640 736 704 736 0 1 false
d 640 544 576 544 2 1N4148
d 768 544 704 544 2 1N4148
c 640 608 704 608 4 1e-9 -0.38082748159124835 0.001 0
o 15 128 7 135427 5 0.1 0 1 0.15625
o 16 64 0 4355 0.3125 0.0125 1 2 16 3
o 1 64 4 4355 2.5 0.0125 2 1
o 22 64 0 4363 0.625 0.00009765625 3 2 22 3
o 21 64 0 4355 2.5 0.00009765625 4 2 21 3
o 17 64 0 4355 1.25 0.8 5 2 17 3
o 29 64 0 4355 0.0000762939453125 0.00009765625 6 2 29 3
o 31 64 0 4355 2.5 0.4 7 2 31 3
o 32 64 0 4355 2.5 0.4 8 2 32 3
38 13 F1 0 0 1000 -1 R1
38 9 F1 0 0 10000 -1 R2
38 15 F1 0 0 3 -1 Voltage
