$ 1 1.0000000000000002e-10 7.619785657297057 50 5 50 5e-11
T 640 480 704 544 14 0.000009999999999999999 0.25 0.0009192181561248535 -0.00012946863860421217 0.999
t 640 480 640 432 1 1 -0.9192181443725335 -0.024086822754811586 100 default
c 704 480 704 432 2 1e-9 -0.012341990265163302 0.001
c 576 544 576 480 2 0.000001 -0.8921967175048596 0.001
w 768 480 768 544 0
w 704 432 768 432 0
w 624 432 576 432 0
r 640 480 576 480 0 1000
w 768 432 768 480 0
w 576 432 576 480 0
w 576 544 640 544 0
r 576 432 512 432 0 100
w 768 432 832 432 0
g 832 432 864 432 0 0
R 512 432 464 432 0 0 40 1 0 0 0.5
162 640 480 704 480 2 default-led 1 0 0 0.01
r 704 544 768 544 0 0.001
r 656 432 704 432 0 0.001
o 3 64 0 4099 1.25 3.2 0 2 3 3
o 2 64 0 4355 2.5 0.8 0 2 2 3
o 15 64 0 4361 5 0.8 1 2 15 3
o 14 64 0 4355 1.25 1.6 1 2 14 3
38 14 F1 0 0 4 -1 Voltage
