$ 1 1E-8 10.2003 50 5 50 5E-11
f 800 384 864 384 0 0.5 0.02
T 736 336 800 384 0 1E-5 5 0.0856 -1.71435E-7 0.999
w 864 368 864 336 0
82 864 208 864 144 0 0 40 0.3 0 0 0.5
w 736 464 736 384 0
g 672 336 672 368 0 0
w 800 464 736 464 0
34 zener-12 1 1.7143528192810002e-7 0 2.0000000000000084 12 1
z 800 416 800 384 2 zener-12
z 800 416 864 416 2 zener-12
l 672 336 736 336 0 0.001 0.0065 0
368 800 384 800 352 0 0
w 928 336 1008 336 0
c 736 384 736 336 4 1E-8 -1.632 0.001 0.001
162 1008 464 928 464 2 default-led 1 0 0 0.01
406 928 416 1008 416 1 1E-5 0.999 1:4 2 0.0046 0.0017 
w 1008 384 1008 336 0
w 864 400 864 416 0
c 928 336 928 384 4 2E-7 -1.2122 0.001 0.001
w 1008 416 1008 464 0
c 1008 384 1008 416 4 2E-10 -1.8308 0.001 0.001
r 800 336 864 336 0 100000
w 864 416 864 464 0
w 864 272 864 336 0
c 864 272 816 272 4 1E-7 0.2444 0.001 0.001
r 864 208 864 272 0 10
g 816 272 800 272 0 0
w 864 336 928 336 0
w 800 464 864 464 0
w 864 464 928 464 0
c 928 416 928 464 4 2E-7 1.4633 0.001 0.001
o 0 32 0 4355 2.5 0.05 0 2 0 3
o 3 32 7 135427 5 0.05 1 1 0.005
o 10 32 0 4355 20 25.6 2 2 10 3
o 13 32 7 135435 10 0.0248 3 3 0.0768 13 0 13 3
o 23 32 0 4355 1.25 0.0016 4 2 23 3
o 13 32 0 4355 10 0.025 5 2 13 3
o 17 32 0 4355 2.5 0.1 6 2 17 3
o 19 32 0 4355 10 0.025 7 2 19 3
38 3 F1 0 0 2 -1 Voltage
