$ 1 5e-10 49.687244006919805 53 5 50 5e-11
T 640 528 704 592 14 0.000001 0.5 0.0002595315070714264 -0.007598313354025302 0.999
c 704 528 704 480 2 1e-9 0.2620113261841154 0.001
c 576 528 576 592 2 0.000001 0.5199990424715456 0.001
w 768 528 768 592 0
w 704 432 768 432 0
w 624 432 576 432 0
r 640 480 576 480 0 1000
w 768 432 768 480 0
w 576 432 576 480 0
w 576 592 640 592 0
w 768 432 768 368 0
162 720 672 672 672 2 default-led 1 1 1 0.01
v 640 320 576 320 0 0 40 1 0 0 0.5
w 704 368 768 368 0
w 576 480 576 528 0
w 768 480 768 528 0
w 640 528 624 528 0
w 624 528 624 608 0
w 704 528 720 528 0
w 720 528 720 608 0
r 624 672 624 608 0 1
c 576 368 640 368 0 1e-8 0.5381548825562369 0.001
w 640 368 704 368 0
r 576 320 576 368 0 50
w 624 720 816 720 0
w 656 432 704 432 0
w 704 592 768 592 0
l 576 368 576 432 0 0.00001 0.007858162275699439 0
w 640 320 640 368 0
x 711 492 748 495 4 10 Частота
w 704 432 704 480 0
w 816 672 816 608 0
t 640 480 640 432 1 1 -0.2598465293457253 0.26077236868149023 100 default
w 672 672 624 672 0
162 768 672 720 672 2 default-led 1 1 1 0.01
162 816 672 768 672 2 default-led 1 1 1 0.01
x 589 459 626 462 4 10 Частота
w 640 480 640 528 0
d 720 608 816 608 2 1N5711
c 816 672 816 720 0 1e-9 4.625738297926554 0.001
w 624 672 624 720 0
o 2 1024 0 4099 1.25 0.8 0 2 2 3
o 1 1024 0 4355 2.5 0.2 0 2 1 3
o 11 512 0 4105 10 0.0125 1 2 11 3
o 12 1024 7 135427 5 0.05 2 1 0.0390625
o 21 1024 0 4099 1.25 0.0125 2 2 21 3
o 20 1024 0 4099 1.25 0.4 3 2 20 3
o 38 1024 0 4355 10 0.2 4 2 38 3
38 12 F1 0 0 4 -1 Voltage
38 1 F1 0 0 1e-8 -1 Частота
