$ 1 1e-8 14.235633750745258 53 5 50 5e-11
406 720 288 832 368 2 0.000009999999999999999 0.999 1,5:-5 3 -0.06449622794125207 0.00020272579642619318 -0.00001186560775623749 
c 656 288 656 320 0 5.000000000000001e-7 -0.22705042670848627 0.001
w 720 288 656 288 0
w 720 320 656 320 0
w 656 320 656 416 0
v 448 416 448 496 0 0 40 1.05 0 0 0.5
w 656 464 656 496 0
w 608 496 656 496 0
r 448 496 496 496 0 50
w 720 288 720 256 0
w 720 256 608 256 0
w 608 320 608 336 0
w 608 336 608 384 0
w 720 336 608 336 0
c 720 496 720 432 0 1e-8 1.9593022634072144 0.001
w 720 368 720 432 0
w 688 496 720 496 0
w 496 256 496 336 0
162 832 288 832 368 2 default-led 1 0 0 0.01
w 608 384 608 448 0
w 608 256 496 256 0
w 688 496 656 496 0
c 496 496 496 416 0 0.000001 0.6880631829898235 0.001
w 448 416 496 416 0
w 496 336 496 416 0
w 544 496 576 496 0
f 608 448 656 448 41 1.5 0.02
t 544 432 576 432 1 -1 -0.5536285691422064 -0.596184887713603 100 default
w 576 496 608 496 0
w 608 336 544 336 0
w 544 336 544 368 0
w 656 416 656 432 0
w 656 416 576 416 0
d 608 320 608 256 2 default
w 544 496 496 496 0
r 576 448 576 496 0 500
c 608 448 608 496 0 1e-11 -3.093467446640452 0.001
r 544 368 544 432 0 10000
w 720 256 832 256 0
w 832 256 832 288 0
o 1 64 0 4099 0.625 0.1 0 2 1 3
o 5 64 0 4099 5 0.0125 1 2 5 3
o 18 64 0 4107 2.5 0.0125 2 2 18 3
o 26 64 0 4099 1.25 0.025 3 2 26 3
o 14 64 0 4099 2.5 0.003125 4 2 14 3
o 22 64 0 4099 1.25 0.025 5 2 22 3
o 36 64 0 4355 5 0.00009765625 6 2 36 3
o 33 64 0 4099 5 0.003125 7 2 33 3
38 5 F1 0 0 5 -1 Voltage
