$ 1 1.0000000000000002e-10 18.278915558614752 50 5 50 5e-11
T 640 544 704 608 14 0.000009999999999999999 0.5 -0.001190167640179307 0.04817698995055628 0.999
t 640 480 640 432 1 1 0.5564969530603585 0.7051200159277977 100 default
c 704 544 704 480 6 1e-8 0.2787723758286833 0.001 0
c 768 544 768 480 6 0.000001 0.7030291127088996 0.001 0
w 704 608 768 608 0
w 768 544 768 608 0
w 656 432 704 432 0
w 704 432 768 432 0
w 624 432 576 432 0
r 640 480 576 480 0 2000
w 576 432 576 480 0
w 576 544 576 608 0
w 576 608 640 608 0
r 768 480 704 480 0 2000
w 768 432 832 432 0
g 832 432 864 432 0 0
R 384 432 336 432 0 0 40 1 0 0 0.5
162 704 544 640 544 2 default-led 1 0 0 0.01
w 512 432 512 384 0
w 656 432 656 384 0
w 592 384 656 384 0
l 512 432 576 432 0 0.000009999999999999999 0.020213138666933975 0
c 640 480 640 544 4 1e-8 0.29829563663884356 0.001 0
c 576 544 576 480 6 0.000001 -0.7010291127729051 0.001 0
w 768 432 768 480 0
r 384 432 448 432 0 1
c 512 384 592 384 4 0.000001 1.396971523898787 0.001 0
l 448 432 512 432 0 0.001 0.0070907574305051875 0
o 3 64 0 4099 1.25 0.1 0 2 3 3
o 2 64 0 4355 0.3125 0.0015625 0 2 2 3
o 17 64 7 135169 1.25 0.4 1 1 0.15625
o 16 64 7 135427 5 0.1 2 1 0.0390625
o 26 64 0 4355 2.5 0.05 3 2 26 3
o 22 64 0 4355 0.625 0.00625 4 2 22 3
