$ 1 1e-9 4.621633621589249 50 5 50 5e-11
R 64 32 32 32 0 0 40 1 0 0 0.5
c 272 112 352 112 0 1e-7 0.3947593851359309 0.001
l 352 112 352 224 0 0.001 -0.0002684402164444204 0
d 352 112 432 112 2 1N4148
w 272 144 272 112 0
w 272 176 272 224 0
w 272 224 352 224 0
g 352 224 352 240 0 0
c 432 112 432 224 0 1.0000000000000002e-10 2.6348097967122706 0.001
w 432 224 352 224 0
w 496 224 432 224 0
w 432 112 496 112 0
T 208 64 272 112 4 0.00009999999999999999 0.3333333333333333 0.0006072534082900063 -0.00786206541262458 0.999
w 272 64 272 32 0
w 272 32 208 32 0
w 208 32 208 64 0
c 128 32 128 96 0 1e-7 0.37105816078237264 0.001
r 64 32 128 32 0 50
g 128 96 128 112 0 0
w 128 32 208 32 0
162 496 160 496 224 2 default-led 1 0 0 0.01
162 496 112 496 160 2 default-led 1 0 0 0.01
t 208 160 272 160 0 1 0.5784318326448593 0.6528557604119616 100 default
r 208 112 208 160 0 1000
o 2 4 0 20482 5 0.8 0 2 2 3
o 3 4 0 4099 10 0.025 1 2 3 3
o 1 4 0 4099 1.25 0.025 2 2 1 3
o 17 4 0 4097 0.625 0.05 3 2 17 3
o 20 4 0 4097 5 0.025 4 2 20 3
o 8 4 0 4099 10 0.025 5 2 8 3
o 22 4 6 4098 5 0.1 6 1
38 0 F1 0 0 4 -1 Voltage
