$ 1 1.0000000000000002e-10 45.7144713268909 50 5 50 5e-11
T 640 544 704 608 14 0.000009999999999999999 0.5 -0.0012010752269537208 0.02726904030980302 0.999
t 640 480 640 432 1 1 0.5539492755165696 0.6938511031024093 100 default
c 704 544 704 480 6 1.0000000000000001e-7 0.01943519512263525 0.001 0
c 768 544 768 480 6 0.000001 0.4232515103331931 0.001 0
w 704 608 768 608 0
w 768 544 768 608 0
w 656 432 704 432 0
w 704 432 768 432 0
w 624 432 576 432 0
r 640 480 576 480 0 1000
w 576 432 576 480 0
w 576 544 576 608 0
w 576 608 640 608 0
r 704 432 704 480 0 1000
w 768 432 832 432 0
g 832 432 864 432 0 0
R 448 432 400 432 0 0 40 1 0 0 0.5
162 704 544 640 544 2 default-led 1 0 0 0.01
w 512 432 512 384 0
w 656 432 656 384 0
c 640 608 704 608 4 1e-10 -0.7046011931902336 0.001 0
w 592 384 656 384 0
l 512 432 576 432 0 0.00009999999999999999 0.016550315582923844 0
c 640 480 640 544 4 1.0000000000000001e-7 0.4676656360147614 0.001 0
c 576 544 576 480 6 0.000001 -0.42125151044288023 0.001 0
w 768 432 768 480 0
r 448 432 512 432 0 10
c 512 384 592 384 4 0.000001 0.8392336047256385 0.001 0
o 3 64 0 4099 0.625 0.1 0 2 3 3
o 2 64 0 4355 0.0390625 0.00625 0 2 2 3
o 17 64 7 135169 1.25 0.4 1 1 0.15625
o 16 64 7 135427 5 0.1 2 1 0.078125
o 27 64 0 4355 1.25 0.003125 3 2 27 3
