$ 1 1e-8 38.696464541249114 50 5 50 5e-11
T 640 480 704 544 14 0.000009999999999999999 0.5 0.0009410769945599227 -0.010547701727648243 0.999
t 640 480 640 432 1 1 -0.19286245192380425 0.5862293009443527 30 default
c 704 480 704 432 2 0.000001 0.5860499301302142 0.001
c 768 480 768 432 2 0.000009999999999999999 0.7791815311441408 0.001
w 704 544 768 544 0
w 768 480 768 544 0
w 656 432 704 432 0
w 704 432 768 432 0
w 624 432 576 432 0
r 640 480 576 480 0 200
w 576 432 576 480 0
w 576 480 576 544 0
w 576 544 640 544 0
r 576 432 512 432 0 100
w 768 432 832 432 0
g 832 432 864 432 0 0
R 512 432 464 432 0 0 40 2 0 0 0.5
162 704 480 640 480 2 default-led 1 0 0 0.01
c 928 608 992 608 0 1e-11 0.0010000000000000026 0.001
c 832 672 896 672 0 1e-11 0.0010000000000000026 0.001
w 576 432 576 384 0
w 704 432 704 384 0
c 576 384 640 384 0 1e-11 0.7790917528681569 0.001
w 640 384 704 384 0
o 3 64 0 4099 1.25 0.05 0 2 3 3
o 2 64 0 4355 0.625 0.003125 0 2 2 3
o 17 64 7 4097 1.25 0.4 1 1 0.0000762939453125
o 16 64 7 4355 5 0.1 2 1 0.15625
