$ 1 5e-10 34.14951009862697 40 15 50 5e-11
T 624 464 688 528 14 0.000009999999999999999 0.2 0.3396301790052613 0.017459506430238483 0.999
c 688 464 688 416 6 1.0000000000000001e-7 0.4490950803633109 0.001 0
c 560 464 560 528 6 0.000009999999999999999 0.40983870266436506 0.001 0
w 608 368 560 368 0
r 624 416 560 416 0 100000
w 752 368 752 416 0
w 560 368 560 416 0
w 560 528 624 528 0
162 656 592 608 592 2 default-led 1 0 0 0.01
v 688 256 624 256 0 0 40 1 0 0 0.5
w 688 304 752 304 0
w 560 416 560 464 0
w 752 416 752 464 0
w 624 464 608 464 0
w 608 464 608 544 0
w 688 464 704 464 0
w 704 464 704 544 0
c 608 304 688 304 4 0.000001 0.8396337509568401 0.001 0
w 560 304 608 304 0
r 560 256 624 256 0 10
c 624 416 624 464 4 1e-8 4.481950282008031 0.001 0
w 688 416 688 368 0
w 640 368 688 368 0
w 688 528 752 528 0
l 560 304 560 368 0 0.00009999999999999999 0.020603564835265525 0
c 752 464 752 528 6 0.000009999999999999999 -0.4078387027593496 0.001 0
c 624 464 688 464 4 5.0000000000000004e-8 -2.4805029144453044 0.001 0
l 688 368 752 368 0 0.000009999999999999999 0.03806305502116868 0
l 752 304 752 368 0 0.00009999999999999999 -0.020603548591172426 0
s 752 256 752 304 0 0 false
d 688 336 688 368 2 1N4148
w 560 256 560 304 0
w 688 256 752 256 0
l 704 544 704 592 0 0.000001 0.006623786865663148 0
162 704 592 656 592 2 default-led 1 0 0 0.01
162 608 592 560 592 2 default-led 1 0 0 0.01
w 560 544 608 544 0
c 560 624 704 624 4 1e-9 -2.4824223763016615 0.001 0
w 560 592 560 624 0
w 704 592 704 624 0
f 624 416 624 368 40 0.5 0.02
c 688 304 688 336 4 1e-8 4.223373635348798 0.001 0
s 560 592 560 544 0 0 false
34 zener-12 1 1.7143528192810002e-7 0 2.0000000000000084 12 1
z 688 416 624 416 2 zener-12
o 8 1024 7 135433 10 0.05 0 1 0.078125
o 9 1024 7 135431 5 0.05 0 1 0.0390625
o 17 1024 0 4355 1.25 0.00625 0 2 17 3
o 20 1024 0 4355 10 0.00625 1 2 20 3
o 26 1024 7 4363 10 0.8 2 1 5
o 27 1024 0 4355 10 0.1 3 2 27 3
o 8 1024 0 4355 5 0.05 3 2 8 3
o 24 1024 0 4355 10 0.05 4 2 24 3
o 28 1024 0 4355 10 0.05 4 2 28 3
o 40 1024 0 4355 20 0.1 5 2 40 3
o 4 1024 0 4355 20 0.0001953125 6 2 4 3
o 43 1024 0 4355 20 0.00625 7 2 43 3
38 9 F1 0 0 4 -1 Voltage
