$ 1 1e-9 45.7144713268909 39 5 50 5e-11
T 624 464 688 528 14 0.000009999999999999999 0.3333333333333333 -0.18058887569377516 0.2552203079702128 0.999
t 624 416 624 368 1 1 0.6956206083874273 0.7541021495035408 100 default
c 688 464 688 416 6 1e-8 -0.9456809023232353 0.001 0
c 560 464 560 528 6 0.000009999999999999999 0.3503354498426359 0.001 0
w 608 368 560 368 0
r 624 416 560 416 0 50000
w 752 368 752 416 0
w 560 368 560 416 0
w 560 528 624 528 0
162 656 592 608 592 2 default-led 1 0 0 0.01
v 688 256 624 256 0 0 40 0.8 0 0 0.5
w 688 304 752 304 0
w 560 416 560 464 0
w 752 416 752 464 0
w 624 464 608 464 0
w 608 464 608 544 0
w 688 464 704 464 0
w 704 464 704 544 0
c 608 304 688 304 4 0.000009999999999999999 0.7025855916954931 0.001 0
w 560 304 608 304 0
r 560 256 624 256 0 1
c 624 416 624 464 4 1e-8 -0.9466447234845266 0.001 0
w 688 416 688 368 0
w 640 368 688 368 0
w 688 528 752 528 0
l 560 304 560 368 0 0.000001 0.10822006248835526 0
c 752 464 752 528 6 0.000009999999999999999 -0.34833544983483855 0.001 0
c 608 544 704 544 4 1e-8 2.646427775311303 0.001 0
l 688 368 752 368 0 0.000001 0.3634403186837311 0
l 752 304 752 368 0 0.00009999999999999999 -0.10822001071256461 0
d 688 416 624 416 2 1N4148
s 752 256 752 304 0 0 false
d 688 304 688 368 2 1N4148
w 560 256 560 304 0
w 688 256 752 256 0
d 608 368 608 304 2 1N4148
w 560 544 560 592 0
l 704 544 704 592 0 0.000049999999999999996 -0.02349488153489425 0
162 704 592 656 592 2 default-led 1 0 0 0.01
162 608 592 560 592 2 default-led 1 0 0 0.01
w 560 544 608 544 0
c 560 624 704 624 4 1e-9 1.9122701394278407 0.001 0
w 560 592 560 624 0
w 704 592 704 624 0
o 9 1024 0 135433 10 0.05 0 2 9 3
o 10 1024 7 135431 5 0.05 0 1 0.15625
o 18 1024 0 4355 1.25 0.2 0 2 18 3
o 21 1024 0 4355 5 0.2 1 2 21 3
o 27 1024 0 4363 10 0.4 2 2 27 3
o 28 1024 0 4355 10 0.8 3 2 28 3
o 9 1024 0 4355 10 0.05 3 2 9 3
o 32 1024 0 4353 2.5 0.2 4 2 32 3
o 35 1024 0 4353 5 0.1 4 2 35 3
o 1 1024 5 4355 5 0.1 5 1
o 25 1024 0 4355 2.5 0.2 6 2 25 3
o 29 1024 0 4355 5 0.2 6 2 29 3
o 26 1024 0 4353 2.5 0.8 7 2 26 3
o 3 1024 0 4353 2.5 0.8 8 2 3 3
38 10 F1 0 0 4 -1 Voltage
