$ 1 5e-11 14.235633750745258 56 5 50 5e-11
T 640 544 704 608 14 0.000009999999999999999 0.5 -0.000015153222195165759 0.006196558153908934 0.999
c 704 544 704 480 6 1e-9 0.20803440112463317 0.001 0
c 768 544 768 480 6 0.000001 0.3015197728686787 0.001 0
w 704 608 768 608 0
w 768 544 768 608 0
w 656 432 704 432 0
w 624 432 576 432 0
r 576 480 640 480 0 100000
w 576 432 576 480 0
w 576 544 576 608 0
w 576 608 640 608 0
r 960 480 896 480 0 1000
g 768 432 800 432 0 0
R 448 432 400 432 0 0 40 0.69 0 0 0.5
162 672 640 608 640 2 default-led 1 1 1 0.02
l 512 432 576 432 0 0.001 0.006335447501663647 0
c 640 480 640 544 4 1e-9 1.57870707440986 0.001 0
c 576 480 576 544 6 0.000001 0.30151977247865536 0.001 0
w 768 432 768 480 0
r 448 432 512 432 0 10
c 512 432 512 496 4 0.000001 0.6296357234962858 0.001 0
g 512 496 512 512 0 0
w 640 544 608 544 0
w 704 544 736 544 0
w 608 544 608 640 0
w 608 640 608 688 0
l 736 640 736 688 0 0.00009999999999999999 -3.206033889812002e-7 0
d 736 544 736 640 2 1N5711
r 672 640 736 640 0 10
c 736 688 608 688 4 1.0000000000000001e-7 0.28506105473791804 0.001 0
f 640 480 640 432 40 0.5 0.02
d 704 480 640 480 2 1N4148
c 704 432 704 480 4 1.0000000000000001e-7 -0.011841504440938915 0.001 0
l 704 384 768 384 0 1e-9 0 0
d 768 480 704 480 2 1N5711
w 704 432 768 432 0
o 14 128 7 135177 1.25 0.4 0 1 0.01953125
o 13 128 7 135427 5 0.1 0 1 0.009765625
o 20 64 0 4355 1.25 0.0015625 1 2 20 3
o 16 64 0 4355 2.5 0.000390625 2 2 16 3
o 14 64 0 4361 5 0.00625 3 2 14 3
o 29 64 0 4355 0.3125 0.000390625 4 2 29 3
o 27 64 0 4355 2.5 0.00625 5 2 27 3
o 17 64 0 4355 0.625 0.025 6 2 17 3
o 30 64 0 4355 5 0.025 7 2 30 3
o 7 64 0 4355 5 0.00009765625 8 2 7 3
o 31 64 0 4355 5 0.000390625 8 2 31 3
o 15 64 0 4355 2.5 0.0125 9 2 15 3
38 11 F1 0 0 1000 -1 R1
38 7 F1 0 0 10000 -1 R2
38 13 F1 0 0 3 -1 Voltage
