$ 1 1e-8 15.472767971186109 43 5 50 5e-11
w 240 -32 240 16 0
w 240 16 320 16 0
w 320 16 384 16 0
r 112 80 112 128 0 5000
r 384 80 384 128 0 5000
c 112 176 208 176 4 1e-9 -0.4138918691891118 0.001 0
c 384 176 272 176 4 1e-9 1.960810784353505 0.001 0
t 288 256 384 256 0 1 -1.950312994730699 0.6069848700825443 100 default
w 208 176 288 256 0
w 272 176 208 256 0
t 208 256 112 256 0 1 0.4033940795663059 0.5964870804597384 100 default
R -96 16 -144 16 0 0 40 1.02 0 0 0.5
x 159 212 179 215 4 16 C1
x 317 213 337 216 4 16 C2
x 85 260 106 263 4 16 Q1
x 390 259 411 262 4 16 Q2
368 448 176 448 208 0 0
174 208 144 272 128 1 10000 0.8960000000000001 Resistance
r 240 80 240 128 0 10000
w 208 144 208 176 0
w 272 144 272 176 0
f 448 176 496 176 32 0.5 0.02
w 112 272 112 304 0
w 384 272 384 304 0
406 592 128 496 176 0 0.01 0.999 4:1 2 0.00033807457566306784 -0.02867297165860385 
w 496 128 496 160 0
w 496 16 496 96 0
162 592 48 688 48 2 default-led 1 0 0 0.01
c 208 256 288 256 4 1e-8 -0.010497789622805898 0.001 0
w 48 80 48 144 0
w 688 128 592 128 0
w 192 80 112 80 0
w 112 128 112 176 0
w 288 80 384 80 0
w 384 128 384 176 0
c 112 80 64 80 4 0.000001 6.552569180663169 0.001 0.1
g 64 80 64 112 0 0
c 496 96 496 128 4 5.0000000000000004e-8 0.2522991994982081 0.001 0
r 384 176 448 176 0 1
w 240 80 288 80 0
t -32 224 0 224 0 1 0.5670857683887737 0.7025161660695509 100 default
T -48 144 0 176 4 0.0001 1 0.000957441087889175 -0.061923870851023355 0.999
w 0 176 0 208 0
w -48 112 -48 144 0
w -32 224 -48 224 0
w 0 240 0 272 0
d 0 176 48 176 2 1N4148
r -48 224 -48 176 0 1000
w 0 112 -48 112 0
c 48 176 48 272 4 0.0000010000000000000002 6.5137399921703025 0.001 0
w 48 272 0 272 0
w 0 112 0 144 0
T 0 16 48 32 0 0.00009999999999999999 1 0.06278377176772809 -0.03561429921745221 0.999
w 48 48 48 80 0
w 48 16 112 16 0
w 48 144 48 176 0
l -96 16 -48 16 0 0.00009999999999999999 0.0820662405972741 0
c 0 176 0 144 4 1e-9 -0.7626271604363489 0.001 0
w 112 16 112 80 0
w 240 -32 176 -32 0
w 0 -32 0 16 0
c 0 -32 0 -80 4 0.000009999999999999999 1.004846062709994 0.001 0.1
g 0 -80 0 -96 0 0
w -48 16 0 16 0
r 0 48 0 112 0 1
w 0 272 0 304 0
w 496 192 496 304 0
w 592 48 592 96 0
403 528 192 608 240 0 16_64_0_4362_10_6.4_-1_2_16_3
403 576 -32 704 32 0 27_128_0_4362_20_0.05_-1_2_27_3
s 688 48 688 128 0 0 false
w 0 -32 112 -32 0
403 576 -80 704 -32 0 27_128_0_135177_10_0.0125_-1_2_27_3
403 -192 -64 -112 0 0 11_64_7_135431_5_0.4_-1_1_0.15625
403 -208 96 -80 160 0 57_64_0_4362_10_0.8_-1_2_57_3
403 -208 192 -80 256 0 40_64_5_37131_20_0.1_-1_1
403 720 64 816 128 0 37_128_0_4354_5_0.05_-1_2_37_3
w 112 -32 176 -32 0
w 384 16 496 16 0
z 240 16 240 80 2 default-zener
w 112 304 208 304 0
w 288 304 384 304 0
g 496 304 496 320 0 0
d 288 304 288 256 2 1N5711
403 336 320 464 384 0 82_128_0_135173_0.0000762939453125_0.2_-1_2_82_3
w 288 304 240 304 0
w 240 304 208 304 0
d 208 304 208 256 2 default
w 192 80 240 80 0
w 0 304 48 304 0
w 112 176 112 240 0
w 384 176 384 240 0
w 384 304 496 304 0
l 48 304 112 304 0 0.00009999999999999999 0.027169472550762307 0
w -48 304 0 304 0
d -48 304 -48 224 2 1N4148
o 35 64 0 4355 10 0.2 0 2 35 3
o 46 64 0 135425 2.5 0.2 1 2 46 3
o 37 64 0 4355 5 0.1 2 2 37 3
o 79 64 0 4355 10 0.00625 3 2 79 3
o 64 64 7 135169 0.625 0.1 4 1 0.0390625
38 11 F1 0 0 3 -1 Voltage
