$ 1 1e-9 7.010541234668786 38 1 66 5e-11
T 288 64 336 96 2 0.000001 0.3333333333333333 0.0014653975286823676 0.22509457644059305 0.999
w 368 96 368 112 0
w 368 160 368 144 0
w 368 160 288 160 0
w 288 32 256 32 0
v 128 160 128 32 0 0 40 1.5 0 0 0.5
w 192 160 256 160 0
w 288 32 336 32 0
w 336 32 336 64 0
w 336 96 368 96 0
162 256 96 256 64 3 old-default-led 1 0 0 0.01
c 368 32 368 96 0 1.0000000000000001e-7 -0.5891316979709642 0.001
w 288 160 256 160 0
f 320 128 368 128 32 1.5 0.02
R 320 128 288 128 4 5 1500000 5 0 0 0.1
w 288 64 256 64 0
w 336 32 368 32 0
w 256 96 288 96 0
r 128 32 192 32 0 10
c 192 32 192 160 0 0.000001 1.4425562244047399 0.001
w 128 160 192 160 0
r 192 32 256 32 0 1
g 128 160 128 176 0 0
o 5 8 0 4355 2.5 0.025 0 2 5 3
o 14 8 0 4099 5 0.00009765625 1 2 14 3
o 11 8 0 4107 1.25 0.8 1 2 11 3
o 19 8 0 4099 2.5 0.1 2 2 19 3
o 10 8 0 4099 2.5 0.025 3 2 10 3
38 14 F1 3 1000 5000000 -1 Frequency
38 14 F1 5 0 100 -1 Duty\sCycle
