$ 1 0.000005 10.20027730826997 50 5 43 5e-11
T 160 192 224 240 0 0.01 0.2 -0.6206892670929509 -0.6206802220495078 0.999
w 224 192 224 144 0
w 224 144 128 144 0
v 64 144 64 240 0 1 200 1.02 0 0 0.5
w 128 240 160 240 0
w 160 192 160 176 0
w 160 176 304 176 0
c 304 176 304 240 0 0.000044559999999999993 -8.032759835029658 0.001
w 224 240 304 240 0
w 160 240 160 304 0
w 160 304 224 304 0
162 224 304 304 304 2 default-led 1 0 0 0.01
w 224 304 224 336 0
w 304 304 304 336 0
162 304 336 224 336 2 default-led 1 0 0 0.01
s 64 144 128 144 0 0 false
l 304 304 304 240 0 0.000001 -0.00000904504340937251 0
r 64 240 128 240 0 1
o 7 64 0 4099 20 1.6 0 2 7 3
o 3 64 7 4355 10 0.8 1 1 5
o 10 64 0 4099 20 12.8 2 2 10 3
o 11 64 0 4099 5 6.4 3 2 11 3
o 14 64 0 4099 5 12.8 4 2 14 3
38 7 F1 0 0.000001 0.00009999999999999999 -1 Capacitance
38 3 F1 0 0 3 -1 Max\sVoltage
