$ 1 5.0000000000000004e-8 10.20027730826997 36 5 43 5e-11
T 48 208 112 256 0 0.00009999999999999999 0.25 0.02094160285307034 0.02094160285305341 0.999
w 112 208 112 160 0
v -48 160 -48 256 0 1 20000 0.48 0 0 0.5
w -48 256 48 256 0
w 48 208 48 192 0
w 48 192 192 192 0
c 192 192 192 256 0 4.1e-7 4.2112656237279715 0.001
w 112 256 192 256 0
162 352 192 272 192 2 default-led 1 0 0 0.01
s -48 160 16 160 0 0 false
r 16 160 112 160 0 1
d 272 192 192 192 2 1N5711
c 272 192 272 256 0 0.000001 -2.4057085534771785 0.001
d 192 256 272 256 2 1N5711
r 352 192 352 256 0 100
w 272 256 352 256 0
o 6 64 0 4099 10 0.8 0 2 6 3
o 2 64 0 4353 2.5 0.8 1 2 2 3
o 8 64 0 4097 2.5 0.05 2 2 8 3
o 12 64 0 4099 10 0.1 3 2 12 3
38 6 F1 0 0 0.000001 -1 Capacitance
38 2 F1 0 0 3 -1 Max\sVoltage
38 0 F1 0 0 0.00009999999999999999 -1 Primary\sInductance
