$ 1 1E-8 56.303 38 10 43 5E-11
f 528 304 576 304 32 0.5 0.1
w 400 112 416 112 0
w 432 112 416 112 0
82 432 0 368 0 0 0 40 0.6 0 0 0.5
w 304 448 384 448 0
w 528 448 448 448 0
g 416 448 416 480 0 0
f 304 304 256 304 32 0.5 0.1
w 528 224 448 224 0
w 304 224 384 224 0
w 256 320 256 336 0
w 576 320 576 336 0
162 336 144 336 48 2 default-led 1 1 1 0.1
w 384 224 384 272 0
w 448 224 448 272 0
T 400 144 432 160 0 0.001 2 0.0017 0.0217 0.999
w 432 48 464 48 0
w 400 176 384 224 0
c 464 48 464 96 4 1E-6 0.5791 0.1 0.1
w 528 304 528 336 0
w 304 304 304 336 0
34 zener-12 1 1.7143528192810002e-7 0 2.0000000000000084 12 1
z 576 336 528 336 2 zener-12
z 256 336 304 336 2 zener-12
w 384 448 416 448 0
r 432 0 432 48 0 1
w 256 336 256 448 0
w 576 336 576 416 0
c 400 144 400 112 4 1E-8 0.3097 0.1 0
w 432 176 448 224 0
w 432 112 432 144 0
r 304 304 336 256 0 22000
r 528 304 496 256 0 22000
c 208 224 208 336 4 1E-7 0.4904 0.1 0.1
c 624 224 624 336 4 1E-7 0.6531 0.1 0
g 464 96 464 128 0 0
w 416 448 448 448 0
T 384 272 448 336 12 1E-5 5 0.0581 0.0074 0.999
w 256 224 208 224 0
w 256 336 208 336 0
w 576 224 624 224 0
w 576 336 624 336 0
w 384 336 384 368 0
w 448 336 448 368 0
r 384 400 448 400 0 470000
w 576 416 576 448 0
w 528 224 576 224 0
w 304 224 256 224 0
r 384 272 448 272 0 470000
r 528 336 528 448 0 470000
r 304 336 304 448 0 470000
w 528 448 576 448 0
w 256 448 304 448 0
l 432 48 432 112 0 0.01 0.0234 0
c 384 336 448 336 4 1E-9 0.845 0.1 0
d 448 448 448 400 2 1N5711
d 384 448 384 400 2 1N5711
w 384 368 384 400 0
w 448 368 448 400 0
r 304 336 384 336 0 1
r 448 336 528 336 0 1
403 160 96 288 160 0 12_64_7_135435_5_0.1_-1_1_0.1563
403 176 -16 304 48 0 3_128_7_135431_2.5_0.05_-1_1_0.0391
403 656 288 784 352 0 33_64_0_4355_2.5_0.25_-1_2_33_3
403 32 288 160 352 0 32_64_0_4355_2.5_0.25_-1_2_32_3
l 256 224 256 288 0 1E-6 0.0099 0
l 576 224 576 288 0 1E-6 1.77762E-7 0
403 528 48 656 112 0 18_128_0_4355_1.25_0.0313_-1_2_18_3
w 400 144 336 144 0
w 336 48 432 48 0
w 496 256 384 224 0
w 336 256 448 224 0
o 0 64 0 4355 5 0.25 0 2 0 3
o 27 64 0 4355 3.92 0.1 1 2 27 3
o 43 64 0 4355 20 9.7656E-5 2 2 43 3
o 47 64 0 4355 2.5 9.7656E-5 3 2 47 3
o 49 64 0 4355 20 9.7656E-5 4 4 49 3 48 0 48 3
o 52 64 0 4355 10 0.1 5 2 52 3
o 65 64 0 4355 2.5 0.2 6 2 65 3
38 3 F1 0 0 2 -1 Voltage
