$ 1 1.0000000000000002e-10 42.05934401203833 36 5 43 5e-11
f 464 304 512 304 32 0.5 0.02
w 400 112 416 112 0
w 432 112 416 112 0
R 416 64 416 0 0 0 40 1 0 0 0.5
w 320 448 384 448 0
w 512 448 448 448 0
g 416 448 416 480 0 0
f 368 304 320 304 32 0.5 0.02
w 320 224 320 288 0
w 512 224 512 288 0
w 512 224 448 224 0
w 320 224 384 224 0
w 320 320 320 336 0
w 512 320 512 336 0
162 448 416 384 416 2 default-led 1 0 0 0.01
w 384 224 384 272 0
w 448 224 448 272 0
T 400 144 432 160 0 0.0001 1 -0.11584686763122638 0.12236006984239482 0.999
w 432 112 464 112 0
w 400 176 384 224 0
w 400 144 400 112 0
c 464 112 464 160 4 1.0000000000000001e-7 0.9934670128527906 0.001 0.1
w 464 304 464 336 0
w 368 304 368 336 0
34 zener-12 1 1.7143528192810002e-7 0 2.0000000000000084 12 1
z 512 336 464 336 2 zener-12
z 320 336 368 336 2 zener-12
w 384 448 416 448 0
w 448 368 448 416 0
r 416 64 416 112 0 1
r 384 368 384 416 0 1
w 320 336 320 448 0
w 512 336 512 448 0
c 304 144 304 112 4 1e-8 0.0009999999999999994 0.001 0
w 432 176 448 224 0
w 432 112 432 144 0
r 368 304 448 224 0 1000
r 464 304 384 224 0 1000
c 272 288 272 336 4 1e-8 0.5543749278418374 0.001 0.1
c 560 288 560 336 4 1e-8 1.4695810347441154 0.001 0
g 464 160 464 192 0 0
w 416 448 448 448 0
T 384 272 448 336 8 0.000001 2 0.023799722245713688 0.000010496247074085715 0.999
w 320 288 272 288 0
w 320 336 272 336 0
w 512 288 560 288 0
w 512 336 560 336 0
d 448 336 448 368 2 1N5711
d 384 368 384 336 2 1N5711
c 448 368 384 368 4 1e-8 1.4864355623169825 0.001 0
o 14 64 7 135427 10 0.1 0 1 0.009765625
o 3 64 7 135427 5 0.05 1 1 0.0390625
o 0 64 0 4355 5 0.05 2 2 0 3
o 14 64 0 4355 2.5 0.003125 3 2 14 3
o 21 64 0 4355 2.5 0.000390625 4 2 21 3
o 32 64 0 4354 0.009765625 0.8 5 2 32 3
o 6 64 0 4353 0.0000762939453125 0.05 6 2 6 3
o 48 64 0 4355 2.5 0.025 7 2 48 3
