$ 1 1e-10 38.696464541249114 44 5 43 5e-11
f 528 304 576 304 32 0.5 0.02
w 400 112 416 112 0
w 432 112 416 112 0
R 416 64 416 0 0 0 40 1 0 0 0.5
w 256 448 384 448 0
w 576 448 448 448 0
g 416 448 416 480 0 0
f 304 304 256 304 32 0.5 0.02
w 256 224 256 288 0
w 576 224 576 288 0
w 576 224 448 224 0
w 256 224 384 224 0
w 256 320 256 336 0
w 576 320 576 336 0
162 448 416 384 416 2 default-led 1 0 0 0.01
w 384 224 384 272 0
w 448 224 448 272 0
T 400 144 432 160 0 0.0001 1 0.40366188602009223 -0.39833187074346843 0.999
w 432 112 464 112 0
w 400 176 384 224 0
c 464 112 464 160 4 0.0000010000000000000002 0.9946544086574826 0.001 0.1
w 528 304 528 336 0
w 304 304 304 336 0
34 zener-12 1 1.7143528192810002e-7 0 2.0000000000000084 12 1
z 576 336 528 336 2 zener-12
z 256 336 304 336 2 zener-12
w 384 448 416 448 0
w 448 368 448 416 0
r 416 64 416 112 0 1
w 256 336 256 448 0
w 576 336 576 448 0
c 400 144 400 112 4 1.0000000000000001e-7 -0.019944143074925536 0.001 0
w 432 176 448 224 0
w 432 112 432 144 0
r 304 304 448 224 0 1000
r 528 304 384 224 0 1000
c 208 288 208 336 4 1e-9 0.8783536676511724 0.001 0.1
c 624 288 624 336 4 1e-9 1.10748729503615 0.001 0
g 464 160 464 192 0 0
w 416 448 448 448 0
T 384 272 448 336 8 0.000001 1 0.37840454885528013 -0.4558529108191449 0.999
w 256 288 208 288 0
w 256 336 208 336 0
w 576 288 624 288 0
w 576 336 624 336 0
c 448 416 448 448 4 1e-9 0.1168719449592839 0.001 0.1
w 384 336 384 368 0
w 384 368 384 416 0
w 448 336 448 368 0
c 384 416 384 448 4 1e-9 -0.11487194491595094 0.001 0
c 384 336 448 336 4 1e-8 -0.22957348475106593 0.001 0
o 14 64 7 135435 10 0.1 0 1 0.078125
o 3 64 7 135427 5 0.05 1 1 0.0390625
o 0 64 0 4355 2.5 0.025 2 2 0 3
o 30 64 0 4353 0.625 0.8 3 2 30 3
o 44 64 0 4355 2.5 0.1 4 2 44 3
o 49 64 0 4355 5 0.8 5 2 49 3
o 36 64 0 4355 2.5 0.1 6 2 36 3
o 20 64 0 4355 5 0.000390625 7 2 20 3
