$ 1 1e-10 32.755850052045055 45 5 43 5e-11
f 464 304 512 304 32 0.5 0.02
w 400 112 416 112 0
w 432 112 416 112 0
R 416 64 416 0 0 0 40 2 0 0 0.5
w 320 448 384 448 0
w 512 448 448 448 0
g 416 448 416 496 0 0
f 368 304 320 304 32 0.5 0.02
w 320 224 320 288 0
w 512 224 512 288 0
w 512 224 448 224 0
w 320 224 384 224 0
w 320 320 320 336 0
w 512 320 512 336 0
162 384 384 448 384 2 default-led 1 0 0 0.01
w 384 224 384 272 0
w 448 224 448 272 0
T 400 144 432 160 0 0.00009999999999999999 1 -0.1678940960474883 0.19644446001008103 0.999
w 432 112 464 112 0
w 400 176 384 224 0
w 464 112 496 112 0
c 496 112 496 160 4 1.0000000000000001e-7 1.971429632702638 0.001 0.1
g 496 160 496 192 0 0
w 464 304 464 336 0
w 368 304 368 336 0
34 zener-12 1 1.7143528192810002e-7 0 2.0000000000000084 12 1
z 512 336 464 336 2 zener-12
z 320 336 368 336 2 zener-12
w 384 448 416 448 0
w 448 336 448 384 0
r 416 64 416 112 0 1
r 384 336 384 384 0 1
w 320 336 320 448 0
w 512 336 512 448 0
c 400 112 400 144 4 1.0000000000000001e-7 0.17938416412853897 0.001 0
w 432 176 448 224 0
w 432 112 432 144 0
r 368 304 448 224 0 1000
r 464 304 384 224 0 1000
c 320 224 256 224 4 1e-8 3.800168289441941 0.001 0.1
g 256 224 256 256 0 0
c 576 224 512 224 4 1e-8 -0.15869473596865585 0.001 0
g 576 224 576 256 0 0
w 416 448 448 448 0
T 384 272 448 336 8 0.000009999999999999999 0.5 -0.005941614618777369 -0.012845568879929686 0.999
o 14 64 7 135427 10 0.1 0 1 0.15625
o 3 64 7 135427 5 0.05 1 1 0.3125
o 0 64 0 4355 5 0.05 2 2 0 3
o 14 64 0 4355 2.5 0.1 3 2 14 3
o 21 64 0 4355 2.5 0.0001953125 4 2 21 3
o 33 64 7 4355 0.3125 0.2 5 1 0.15625
