$ 1 2e-10 38.696464541249114 45 5 43 5e-11
f 528 304 576 304 32 0.5 0.02
w 400 112 416 112 0
w 432 112 416 112 0
R 416 64 416 0 0 0 40 1 0 0 0.5
w 256 448 384 448 0
w 576 448 448 448 0
g 416 448 416 480 0 0
f 304 304 256 304 32 0.5 0.02
w 256 224 256 288 0
w 576 224 576 288 0
w 528 224 448 224 0
w 304 224 384 224 0
w 256 320 256 336 0
w 576 320 576 336 0
162 448 368 384 368 2 default-led 1 0 0 0.01
w 384 224 384 272 0
w 448 224 448 272 0
T 400 144 432 160 0 0.0001 1 0.6307431226010379 -0.6253321250793099 0.999
w 432 112 464 112 0
w 400 176 384 224 0
c 464 112 464 160 4 0.0000010000000000000002 0.9946637139122004 0.001 0.1
w 528 304 528 336 0
w 304 304 304 336 0
34 zener-12 1 1.7143528192810002e-7 0 2.0000000000000084 12 1
z 576 336 528 336 2 zener-12
z 256 336 304 336 2 zener-12
w 384 448 416 448 0
r 416 64 416 112 0 1
w 256 336 256 448 0
w 576 336 576 448 0
c 400 144 400 112 4 2.0000000000000002e-7 -0.2421778707227792 0.001 0
w 432 176 448 224 0
w 432 112 432 144 0
r 304 304 448 224 0 5000
r 528 304 384 224 0 5000
c 208 288 208 336 4 1e-8 1.6005041068120298 0.001 0.1
c 624 288 624 336 4 1e-8 0.3824419014781626 0.001 0
g 464 160 464 192 0 0
w 416 448 448 448 0
T 384 272 448 336 8 1e-7 1 0.5491508012407946 -1.6422251265430163 0.999
w 256 288 208 288 0
w 256 336 208 336 0
w 576 288 624 288 0
w 576 336 624 336 0
w 384 336 384 368 0
w 448 336 448 368 0
c 384 336 448 336 4 1.0000000000000001e-7 1.2287380469613127 0.001 0
w 528 224 576 224 0
w 256 224 304 224 0
o 14 64 7 135435 10 0.1 0 1 0.0390625
o 3 64 7 135427 5 0.05 1 1 0.0390625
o 0 64 0 4355 2.5 0.0125 2 2 0 3
o 29 64 0 4353 0.625 1.6 3 2 29 3
o 45 64 0 4355 2.5 3.2 4 2 45 3
o 35 64 0 4355 2.5 0.2 5 2 35 3
o 20 64 0 4355 1.25 0.000390625 6 2 20 3
