$ 1 5e-11 25.510281670702206 50 5 43 5e-11
f 464 288 512 288 32 0.5 0.02
r 368 96 368 144 0 1000
r 464 96 464 144 0 1000
w 368 144 368 288 0
w 464 144 464 288 0
w 400 96 416 96 0
w 432 96 416 96 0
R 416 96 416 32 0 0 40 2 0 0 0.5
w 320 352 320 432 0
w 512 352 512 432 0
w 320 432 416 432 0
w 512 432 416 432 0
g 416 432 416 480 0 0
f 368 288 320 288 32 0.5 0.02
w 320 208 320 272 0
w 512 208 512 272 0
w 512 208 448 208 0
w 320 208 384 208 0
c 384 208 448 208 4 1e-10 0.8299250160576424 0.001 0
169 448 256 448 320 0 0.000009999999999999999 1 -0.004473327757069146 9.188149126628832e-11 6.4942340823569145e-9 0.99
d 368 288 448 208 2 1N4148
d 464 288 384 208 2 1N4148
w 384 320 384 352 0
w 448 320 448 352 0
r 368 288 368 352 0 100000
r 464 288 464 352 0 100000
w 320 352 368 352 0
w 320 304 320 352 0
w 512 304 512 352 0
w 464 352 512 352 0
162 384 352 416 320 2 default-led 1 0 0 0.01
162 448 352 416 320 2 default-led 1 0 0 0.01
w 384 208 384 256 0
w 448 208 448 256 0
T 400 128 432 144 0 0.001 1 -0.020475027384269776 0.024258217585185673 0.999
w 368 96 400 96 0
w 432 96 464 96 0
w 432 96 432 128 0
w 400 96 400 128 0
w 432 160 512 208 0
w 400 160 320 208 0
w 464 96 528 96 0
c 528 96 528 144 4 0.000001 1.9999999999984803 0.001 0.1
g 528 144 528 176 0 0
o 18 64 0 4355 5 0.05 0 2 18 3
o 30 64 7 4355 10 0.1 1 1 0.01953125
o 7 64 7 135427 5 0.05 2 1 0.078125
o 24 64 0 4355 2.5 0.00009765625 3 2 24 3
o 2 64 0 4355 2.5 0.0015625 4 2 2 3
o 0 64 0 4355 5 0.00625 5 2 0 3
o 21 64 0 4355 2.5 0.0015625 6 2 21 3
38 18 F1 0 0 1e-9 -1 Capacitance
38 19 F1 0 0 0.00009999999999999999 -1 Primary\sInductance
