$ 1 1e-9 27.727228452313398 36 5 43 5e-11
f 528 304 576 304 32 0.5 0.02
w 400 112 416 112 0
w 432 112 416 112 0
R 416 64 416 0 0 0 40 1 0 0 0.5
w 304 448 384 448 0
w 528 448 448 448 0
g 416 448 416 480 0 0
f 304 304 256 304 32 0.5 0.02
w 256 224 256 288 0
w 576 224 576 288 0
w 528 224 448 224 0
w 304 224 384 224 0
w 256 320 256 336 0
w 576 320 576 336 0
162 448 400 384 400 2 default-led 1 0 0 0.01
w 384 224 384 272 0
w 448 224 448 272 0
T 400 144 432 160 0 0.0001 1 -0.15952379624426177 0.16409351367882885 0.999
w 432 112 464 112 0
c 464 112 464 160 4 0.0000010000000000000002 0.9930321408296146 0.001 0.1
w 528 304 528 336 0
w 304 304 304 336 0
34 zener-12 1 1.7143528192810002e-7 0 2.0000000000000084 12 1
z 576 336 528 336 2 zener-12
z 256 336 304 336 2 zener-12
w 384 448 416 448 0
r 416 64 416 112 0 1
w 256 336 256 448 0
w 576 336 576 448 0
c 400 144 400 112 4 1e-7 -1.7399680986582111 0.001 0
w 432 176 448 224 0
w 432 112 432 144 0
r 304 304 448 224 0 1000
r 528 304 384 224 0 1000
c 208 288 208 336 4 1.0000000000000001e-7 0.22964478972735186 0.001 0.1
c 624 288 624 336 4 1.0000000000000001e-7 1.7776652870388057 0.001 0
g 464 160 464 192 0 0
w 416 448 448 448 0
T 384 272 448 336 12 0.000001 1 -0.23103437742599958 -0.013728221076133182 0.999
w 256 288 208 288 0
w 256 336 208 336 0
w 576 288 624 288 0
w 576 336 624 336 0
w 384 336 384 400 0
w 448 336 448 400 0
w 528 224 576 224 0
w 256 224 304 224 0
c 384 336 448 336 4 1e-8 1.5400554002965956 0.001 0
w 256 448 304 448 0
w 528 448 576 448 0
r 304 336 304 448 0 1000000
r 528 336 528 448 0 1000000
w 400 176 384 224 0
o 14 64 0 135433 10 0.003125 0 2 14 3
o 3 64 0 135425 5 0.0125 0 2 3 3
o 0 64 0 4355 2.5 0.0125 1 2 0 3
o 28 64 0 4355 2.5 0.8 2 2 28 3
o 34 64 0 4355 2.5 0.8 3 2 34 3
o 19 64 0 4355 1.25 0.0125 4 2 19 3
o 46 64 0 4353 0.625 0.1 5 2 46 3
o 50 64 0 4355 2.5 0.00009765625 6 2 50 3
o 49 64 0 4355 2.5 0.00009765625 7 2 49 3
