$ 1 2e-9 16.817414165184545 59 5 43 5e-11
f 528 304 576 304 32 0.5 0.02
w 400 112 416 112 0
w 432 112 416 112 0
R 432 0 368 0 0 0 40 1 0 0 0.5
w 304 448 384 448 0
w 528 448 448 448 0
g 416 448 416 480 0 0
f 304 304 256 304 32 0.5 0.02
w 256 224 256 288 0
w 576 224 576 288 0
w 528 224 448 224 0
w 304 224 384 224 0
w 256 320 256 336 0
w 576 320 576 336 0
162 384 224 448 224 2 default-led 1 0 0 0.01
w 384 224 384 272 0
w 448 224 448 272 0
T 400 144 432 160 0 0.001 1 0.5287363268846491 -0.5158072860846337 0.999
w 432 112 464 112 0
w 400 176 384 224 0
c 464 112 464 160 4 0.0000010000000000000002 0.9868190956670294 0.001 0.1
w 528 304 528 336 0
w 304 304 304 336 0
34 zener-12 1 1.7143528192810002e-7 0 2.0000000000000084 12 1
z 576 336 528 336 2 zener-12
z 256 336 304 336 2 zener-12
w 384 448 416 448 0
r 432 0 432 48 0 1
w 256 336 256 448 0
w 576 336 576 416 0
c 400 144 400 112 4 0.0000010000000000000002 -1.213719784680732 0.001 0
w 432 176 448 224 0
w 432 112 432 144 0
r 304 304 448 224 0 10000
r 528 304 384 224 0 10000
c 208 288 208 336 4 1.0000000000000001e-7 1.8635469822873298 0.001 0.1
c 624 288 624 336 4 1.0000000000000001e-7 0.09378805519505791 0.001 0
g 464 160 464 192 0 0
w 416 448 448 448 0
T 384 272 448 336 12 0.00009999999999999999 3.3333333333333335 0.4845863594401523 -0.1502416228288544 0.999
w 256 288 208 288 0
w 256 336 208 336 0
w 576 288 624 288 0
w 576 336 624 336 0
w 384 336 384 368 0
w 448 336 448 368 0
r 384 368 448 368 0 100000
w 576 416 576 448 0
w 528 224 576 224 0
w 304 224 256 224 0
r 384 272 448 272 0 100000
r 528 336 528 448 0 100000
r 304 336 304 448 0 100000
w 528 448 576 448 0
w 256 448 304 448 0
l 432 48 432 112 0 0.001 0.012712396173946875 0
c 384 336 448 336 4 5.0000000000000004e-8 -6.880074238727449 0.001 0
d 448 336 528 336 2 1N4148
d 384 336 304 336 2 1N4148
d 448 448 448 368 2 1N5711
d 384 448 384 368 2 1N5711
o 14 128 7 135435 10 0.1 0 1 0.15625
o 3 64 7 135427 5 0.05 1 1 0.01953125
o 0 64 0 4355 2.5 0.05 2 2 0 3
o 29 64 0 4353 0.009765625 1.6 3 2 29 3
o 45 64 0 4355 10 0.00009765625 4 2 45 3
o 34 64 0 4355 2.5 0.2 5 2 34 3
o 49 64 0 4355 2.5 0.00009765625 6 2 49 3
o 55 64 7 4355 5 0.2 7 1 2.5
o 56 64 0 4355 2.5 0.00078125 8 2 56 3
o 57 64 0 4355 2.5 0.00078125 9 2 57 3
o 51 64 0 4355 10 0.00009765625 10 2 51 3
o 50 64 0 4355 10 0.00009765625 10 2 50 3
38 3 F1 0 0 2 -1 Voltage
