$ 1 1.0000000000000002e-10 21.593987231061412 50 5 43 5e-11
f 464 240 512 240 32 0.5 0.02
r 368 128 368 176 0 300
r 464 128 464 176 0 300
w 368 176 368 240 0
w 464 176 464 240 0
w 368 128 416 128 0
w 464 128 416 128 0
R 416 128 416 64 0 0 40 2 0 0 0.5
w 320 304 320 384 0
w 512 304 512 384 0
w 320 384 416 384 0
w 512 384 416 384 0
g 416 384 416 432 0 0
f 368 240 320 240 32 0.5 0.02
l 512 128 512 208 0 0.001 0.0025992952062277867 0
l 320 208 320 128 0 0.001 -0.002499745537255845 0
w 320 128 368 128 0
w 464 128 512 128 0
w 320 208 320 224 0
w 512 208 512 224 0
w 512 208 448 208 0
w 320 208 384 208 0
c 384 208 448 208 4 1e-10 4.786672623079346 0.001 0
169 448 208 448 272 0 0.000009999999999999999 0.3333333333333333 -0.00995496692796155 9.319464470969319e-11 9.319464991386361e-11 0.99
d 368 176 512 208 2 1N4148
d 464 176 320 208 2 1N4148
w 384 272 384 304 0
w 448 272 448 304 0
r 368 240 368 304 0 10000
r 464 240 464 304 0 10000
w 320 304 368 304 0
w 320 256 320 304 0
w 512 256 512 304 0
w 464 304 512 304 0
162 448 304 384 304 2 default-led 1 0 0 0.01
o 22 64 0 4355 10 0.025 0 2 22 3
o 34 64 7 4355 10 0.1 1 1 0.0390625
o 7 64 7 4355 5 0.05 2 1 0.078125
o 14 64 0 4355 5 0.003125 3 2 14 3
o 28 64 0 4355 5 0.00078125 4 2 28 3
38 22 F1 0 0 1e-9 -1 Capacitance
38 23 F1 0 0 0.00009999999999999999 -1 Primary\sInductance
