$ 1 1e-9 21.593987231061412 36 5 43 5e-11
f 464 304 512 304 32 0.5 0.02
r 368 112 368 160 0 500
r 464 112 464 160 0 500
w 368 160 368 304 0
w 464 160 464 304 0
w 400 112 416 112 0
w 432 112 416 112 0
R 416 64 416 0 0 0 40 2 0 0 0.5
w 320 448 384 448 0
w 512 448 416 448 0
g 512 448 512 496 0 0
f 368 304 320 304 32 0.5 0.02
w 320 224 320 288 0
w 512 224 512 288 0
w 512 224 448 224 0
w 320 224 384 224 0
c 384 224 448 224 4 1e-8 -3.5683095167617602 0.001 0.1
169 448 272 448 336 0 0.000009999999999999999 0.5 0.0324963565880499 -9.320028429571359e-11 -9.320028776516054e-11 0.99
d 368 304 448 224 2 1N5711
d 464 304 384 224 2 1N5711
w 320 320 320 336 0
w 512 320 512 336 0
162 384 384 448 384 2 default-led 1 0 0 0.01
w 384 224 384 272 0
w 448 224 448 272 0
T 400 144 432 160 0 0.001 1 0.12039900879313667 -0.10159876069779183 0.999
w 368 112 400 112 0
w 432 112 464 112 0
w 400 176 384 224 0
w 464 112 560 112 0
c 560 112 560 160 4 1.0000000000000001e-7 1.9795346698864205 0.001 0.1
g 560 160 560 192 0 0
w 464 304 464 336 0
w 368 304 368 336 0
34 zener-12 1 1.7143528192810002e-7 0 2.0000000000000084 12 1
z 512 336 464 336 2 zener-12
z 320 336 368 336 2 zener-12
w 384 448 416 448 0
w 448 336 448 384 0
r 416 64 416 112 0 1
r 384 336 384 384 0 1
w 320 336 320 448 0
w 512 336 512 448 0
c 400 112 400 144 4 1e-7 -0.2831138972834579 0.001 0
w 432 176 448 224 0
w 432 112 432 144 0
o 16 64 0 4363 5 0.4 0 2 16 3
o 22 64 7 135427 10 0.1 1 1 0.15625
o 7 64 7 135427 5 0.05 2 1 0.3125
o 2 64 0 4355 1.25 0.003125 3 2 2 3
o 0 64 0 4355 5 0.025 3 2 0 3
o 22 64 0 4355 2.5 0.05 4 2 22 3
o 30 64 0 4355 5 0.0015625 5 2 30 3
o 42 64 0 4355 0.625 0.4 6 2 42 3
o 2 64 0 4355 1.25 0.003125 7 2 2 3
38 16 F1 0 0 1e-9 -1 Capacitance
38 17 F1 0 0 0.00009999999999999999 -1 Primary\sInductance
