$ 1 1e-9 38.696464541249114 41 5 43 5e-11
f 528 304 576 304 32 0.5 0.02
w 400 112 416 112 0
w 432 112 416 112 0
R 416 64 416 0 0 0 40 1 0 0 0.5
w 256 448 384 448 0
w 576 448 448 448 0
g 416 448 416 480 0 0
f 304 304 256 304 32 0.5 0.02
w 256 224 256 288 0
w 576 224 576 288 0
w 576 224 448 224 0
w 256 224 384 224 0
w 256 320 256 336 0
w 576 320 576 336 0
162 448 416 384 416 2 default-led 1 0 0 0.01
w 384 224 384 272 0
w 448 224 448 272 0
T 400 144 432 160 0 0.0001 1 -0.43061763381055823 0.4326855570933673 0.999
w 432 112 464 112 0
w 400 176 384 224 0
c 464 112 464 160 4 1.0000000000000001e-7 0.9969029741233132 0.001 0.1
w 528 304 528 336 0
w 304 304 304 336 0
34 zener-12 1 1.7143528192810002e-7 0 2.0000000000000084 12 1
z 576 336 528 336 2 zener-12
z 256 336 304 336 2 zener-12
w 384 448 416 448 0
w 448 368 448 416 0
r 416 64 416 112 0 1
w 256 336 256 448 0
w 576 336 576 448 0
c 400 144 400 112 4 1.0000000000000001e-7 -1.4496929404069585 0.001 0
w 432 176 448 224 0
w 432 112 432 144 0
r 304 304 448 224 0 10000
r 528 304 384 224 0 10000
c 208 288 208 336 4 1e-8 0.42315835194747714 0.001 0.1
c 624 288 624 336 4 1e-8 1.6349648136105617 0.001 0
g 464 160 464 192 0 0
w 416 448 448 448 0
T 384 272 448 336 8 0.000001 1 -0.45486492680061535 -0.04048557313749643 0.999
w 256 288 208 288 0
w 256 336 208 336 0
w 576 288 624 288 0
w 576 336 624 336 0
d 528 352 528 384 2 1N5711
c 448 416 448 448 4 1e-9 3.121302149905988 0.001 0.1
d 528 336 448 336 2 1N4148
d 304 336 384 336 2 1N4148
w 384 336 384 368 0
w 384 368 384 416 0
w 448 336 448 368 0
c 384 416 384 448 4 1e-9 1.9121413762739252 0.001 0
c 384 336 448 336 4 1e-8 -1.2089678633383423 0.001 0
o 14 64 7 135435 10 0.1 0 1 0.078125
o 3 64 7 135427 5 0.05 1 1 0.0390625
o 0 64 0 4355 2.5 0.0125 2 2 0 3
o 20 64 0 4355 1.25 0.003125 3 2 20 3
o 30 64 0 4353 5 0.8 4 2 30 3
o 45 64 0 4355 5 0.025 5 2 45 3
o 46 64 0 4355 5 0.00009765625 6 2 46 3
o 47 64 0 4355 5 0.00009765625 7 2 47 3
