$ 1 1e-9 75.37042125545614 55 5 50 5e-11
w 592 368 592 416 0
w 592 464 592 512 0
f 528 528 592 528 32 0.5 0.02
w 624 336 480 336 0
r 416 336 352 336 0 10
R 352 336 304 336 0 0 40 0.8 0 0 0.5
g 592 592 592 624 0 0
162 720 384 720 416 2 default-led 1 0 0 0.01
r 528 528 528 592 0 500000
406 624 336 720 368 0 0.000009999999999999999 0.999 1,20:1,2 4 0.03599959690972792 -0.000010350612788397696 0.011846654596922947 0.011846639970825154 
w 592 368 624 368 0
w 624 464 592 464 0
w 624 384 528 384 0
w 528 384 528 464 0
r 528 464 528 528 0 10000
w 592 544 592 592 0
w 752 544 784 544 0
w 752 512 784 512 0
w 624 416 624 464 0
l 416 336 480 336 0 0.000001 0.03599959690972792 0
g 416 384 416 400 0 0
c 416 336 416 384 4 1.0000000000000001e-7 0.6148795797130496 0.001 0
w 720 368 720 384 0
w 720 416 784 416 0
w 720 336 784 336 0
w 976 384 912 384 0
c 784 384 784 416 4 1e-8 0.570729635241418 0.001 0
c 784 384 784 336 4 1e-8 -0.1616581152325316 0.001 0
w 432 288 496 288 0
w 528 592 592 592 0
c 880 432 880 464 4 1e-8 0.25084939574617876 0.001 0
w 592 416 592 464 0
o 2 128 0 4355 10 0.1 0 2 2 3
o 26 128 0 4363 10 0.2 1 2 26 3
o 27 128 0 4355 5 0.2 2 2 27 3
o 7 128 7 135427 5 0.0125 3 1 0.15625
o 5 128 7 135427 5 0.05 3 1 0.0390625
o 21 128 0 4355 5 0.1 4 2 21 3
38 5 F1 0 0 1 -1 Voltage
