$ 1 1E-10 100.8951 46 5 50 5E-11
t 816 192 880 192 0 1 0.5481 0.6526 100 default
t 928 176 944 176 0 -1 0.6508 0.6823 100 default
w 944 160 944 112 0
w 944 272 864 272 0
c 816 192 816 272 4 6.8E-8 0.0134 0.001 0
w 880 208 880 304 0
w 880 304 944 304 0
r 816 112 816 192 0 1000
162 1184 160 1184 208 2 default-led 1 0 0 0.01
T 992 224 1040 256 0 1E-5 10 0.0115 -1.71435E-7 0.999
f 1072 224 1120 224 32 0.5 0.02
w 944 224 992 224 0
T 1120 160 1184 208 0 1E-4 4 0.0658 0.0163 0.999
w 944 192 944 224 0
34 zener-12 1 1.7143528192810002e-7 0 2.0000000000000084 12 1
z 1072 256 1072 224 2 zener-12
w 992 256 992 304 0
w 992 304 1040 304 0
w 1072 304 1120 304 0
w 1120 112 1184 112 0
82 1232 112 1296 112 0 0 40 1 0 0 0.5
g 1120 304 1120 336 0 0
w 1120 112 1120 160 0
r 1184 112 1232 112 0 1
w 1072 224 1040 224 0
w 1072 304 1040 304 0
w 880 112 944 112 0
w 1040 112 1120 112 0
w 1040 112 1008 112 0
368 1072 224 1072 192 0 0
w 944 304 992 304 0
w 816 112 880 112 0
w 1120 240 1120 304 0
c 1120 112 1120 48 4 1E-7 0.9303 0.001 0.001
g 1120 48 1120 16 0 0
z 1072 256 1072 304 2 zener-12
r 880 176 928 176 0 0.001
w 816 272 864 272 0
r 944 224 944 272 0 1000
d 944 304 944 272 2 1N4148
c 944 112 944 48 4 1E-8 0.7868 0.001 0.001
g 944 48 944 16 0 0
l 944 112 1008 112 0 1E-4 0.0177 0
r 1040 256 1040 304 0 100000
d 1184 160 1184 112 2 1N5711
w 1184 240 1184 208 0
c 1120 240 1184 240 4 1E-6 0.4077 0.001 0.001
d 1120 304 1184 304 2 1N5711
w 1184 304 1184 240 0
o 4 256 0 4355 0.0195 0.0016 0 2 4 3
o 8 256 7 135177 5 0.05 1 1 0.039
o 8 256 0 4354 79.872 0.025 2 2 8 3
o 19 256 7 135427 5 0.2 3 1 0.3136
o 28 256 0 4363 20 12.8 4 2 28 3
o 32 256 0 4355 1.25 0.8 5 2 32 3
o 37 256 0 4355 20 0.025 6 2 37 3
o 38 256 0 4355 1.25 0.0125 7 2 38 3
o 45 256 0 4355 0.625 0.025 8 2 45 3
38 19 F1 0 0 5 -1 Voltage
