$ 1 1E-9 100.8951 46 5 50 5E-11
t 816 192 880 192 0 1 -1.096 0.6049 100 default
t 928 176 944 176 0 -1 7.7108 0.2369 100 default
w 944 160 944 112 0
w 944 272 864 272 0
c 816 192 816 272 4 1E-9 0.0883 0.001 0
w 880 208 880 304 0
w 880 304 944 304 0
r 816 112 816 192 0 1000
162 1184 208 1184 256 2 default-led 1 0 0 0.01
T 992 192 1040 224 4 1E-5 10 0.0065 2.9743E-6 0.999
f 1072 224 1120 224 32 0.5 0.02
w 944 192 992 192 0
T 1120 160 1184 208 4 1E-4 5 -2.07148E-6 0.0003 0.999
w 944 192 944 224 0
34 zener-12 1 1.7143528192810002e-7 0 2.0000000000000084 12 1
z 1072 256 1072 224 2 zener-12
w 1072 304 1120 304 0
w 1184 160 1184 112 0
82 1296 112 1360 112 0 0 40 1 0 0 0.5
g 1120 304 1120 336 0 0
w 1120 112 1120 160 0
r 1248 112 1296 112 0 10
w 880 112 944 112 0
w 1040 112 1120 112 0
368 1040 224 1040 256 0 0
w 944 304 992 304 0
w 816 112 880 112 0
w 1120 240 1120 304 0
c 1120 112 1120 48 4 1E-7 0.7315 0.001 0.001
g 1120 48 1120 16 0 0
z 1072 256 1072 304 2 zener-12
r 880 176 928 176 0 0.001
w 816 272 864 272 0
r 944 224 944 272 0 1000
d 944 304 944 272 2 1N4148
w 1184 256 1184 304 0
w 1184 304 1120 304 0
l 1184 112 1248 112 0 1E-4 0.0251 0
w 1184 112 1120 112 0
w 1072 224 1040 224 0
l 992 304 992 224 0 5E-5 0.0065 0
r 944 112 1040 112 0 1
w 992 304 1072 304 0
r 1040 192 1040 144 0 100000
c 1040 112 1040 144 4 1E-9 0.7757 0.001 0.001
d 1072 224 1072 144 2 1N4148
w 1072 144 1040 144 0
368 1040 144 992 144 0 0
c 944 112 944 48 4 1E-8 0.728 0.001 0.001
g 944 48 944 16 0 0
o 8 256 7 135177 5 0.05 0 1 0.0049
o 17 256 7 135427 5 0.2 1 1 0.0392
o 23 256 0 4363 20 12.8 2 2 23 3
o 27 256 0 4355 1.25 0.1 3 2 27 3
o 46 256 0 4355 2.5 1.6 4 2 46 3
o 4 256 0 4355 1.25 0.0125 5 2 4 3
o 47 256 0 4355 5 0.1 6 2 47 3
38 17 F1 0 0 5 -1 Voltage
