$ 1 1E-10 42.0593 46 5 50 5E-11
t 816 192 880 192 0 1 0.1985 0.225 100 default
t 880 176 944 176 0 -1 0.2003 0.5986 100 default
w 944 160 944 112 0
w 944 256 944 224 0
w 944 256 816 256 0
c 816 256 816 192 4 1E-8 0.3987 0.001 0
w 880 208 880 304 0
c 1120 80 1120 32 4 1E-7 0.9375 0.001 0.1
w 880 304 944 304 0
r 816 112 816 192 0 1000
162 1184 160 1184 208 2 default-led 1 0 0 0.01
l 944 112 1008 112 0 1E-5 0.0019 0
w 880 112 944 112 0
l 944 256 944 304 0 1E-4 0.0002 0
T 992 224 1040 256 0 1E-5 5 0.0017 -1.714E-7 0.999
f 1072 224 1120 224 32 0.5 0.02
w 944 224 992 224 0
T 1120 160 1184 208 0 1E-5 4 0.1082 0.0249 0.999
368 1072 224 1072 256 0 0
w 880 112 816 112 0
w 944 192 944 224 0
34 zener-12 1 1.7143528192810002e-7 0 2.0000000000000084 12 1
z 1072 176 1072 224 2 zener-12
z 1072 176 1072 112 2 zener-12
w 992 256 992 304 0
w 992 304 1040 304 0
w 1072 304 1120 304 0
w 1120 240 1120 304 0
w 1008 112 1072 112 0
82 1232 112 1296 112 0 0 40 1 0 0 0.5
g 1120 304 1120 336 0 0
w 1120 112 1120 160 0
r 1184 112 1232 112 0 1
w 1072 224 1040 224 0
w 1072 304 1040 304 0
w 1120 80 1120 112 0
d 944 80 1008 80 2 1N4148
w 944 80 944 112 0
w 1008 80 1120 80 0
w 1072 112 1120 112 0
g 1120 32 1120 16 0 0
w 944 304 992 304 0
c 1040 256 1040 304 4 1E-9 11.8921 0.001 0.001
l 1120 112 1184 112 0 1E-4 0.1119 0
d 1184 112 1184 160 2 1N4148
d 1120 240 1184 240 2 1N4148
w 1184 240 1184 208 0
o 7 256 0 4354 2.5 0.05 0 2 7 3
o 5 256 0 4355 0.625 0.0248 1 2 5 3
o 11 256 0 4099 2.5024 0.0992 2 2 11 3
o 10 256 7 135177 5 0.05 3 1 0.3125
o 18 256 0 4355 20 25.6 4 2 18 3
o 10 256 0 4355 79.872 0.1 5 2 10 3
o 28 256 7 135427 5 0.2 6 1 0.3125
o 35 256 0 4355 2.5 0.1 7 2 35 3
o 41 256 0 4355 20 0.0125 8 2 41 3
o 44 256 0 4355 80 0.05 9 2 44 3
38 28 F1 0 0 5 -1 Voltage
