$ 1 1E-9 38.6965 46 5 50 5E-11
t 816 192 880 192 0 1 0.0095 0.0269 100 default
t 928 176 944 176 0 -1 0.0068 0.1125 100 default
w 944 160 944 112 0
w 944 272 864 272 0
c 816 192 816 272 4 1E-9 0.0333 0.001 0
w 880 208 880 304 0
w 880 304 944 304 0
r 816 112 816 192 0 1000
162 1184 160 1184 112 2 default-led 1 0 0 0.01
T 992 192 1040 224 4 1E-5 10 0.0098 -1.40955E-5 0.999
f 1072 224 1120 224 32 0.5 0.02
w 944 192 992 192 0
T 1120 160 1184 208 0 1E-4 5 0.0129 0.0019 0.999
w 944 192 944 224 0
34 zener-12 1 1.7143528192810002e-7 0 2.0000000000000084 12 1
z 1072 256 1072 224 2 zener-12
w 1072 304 1120 304 0
82 1296 112 1360 112 0 0 40 1 0 0 0.5
g 1120 368 1120 400 0 0
w 1120 112 1120 160 0
r 1248 112 1296 112 0 1
w 880 112 944 112 0
w 1040 112 1120 112 0
368 1040 224 1040 256 0 0
w 944 304 992 304 0
w 816 112 880 112 0
w 1120 240 1120 304 0
c 1120 112 1120 48 4 1E-7 0.9412 0.001 0.001
g 1120 48 1120 16 0 0
z 1072 256 1072 304 2 zener-12
r 880 176 928 176 0 1000
w 816 272 864 272 0
r 944 224 944 272 0 10000
l 1184 112 1248 112 0 1E-4 0.0235 0
w 1184 112 1120 112 0
w 1072 224 1040 224 0
l 992 304 992 224 0 5E-5 0.0098 0
r 944 112 1040 112 0 1
w 992 304 1072 304 0
c 1040 192 1040 112 4 1E-9 0.7523 0.001 0.001
d 1072 224 1072 192 2 1N4148
c 944 112 944 48 4 1E-8 0.9268 0.001 0.001
g 944 48 944 16 0 0
w 1120 368 1120 304 0
w 1040 192 1072 192 0
w 1184 304 1120 304 0
d 944 304 944 272 2 1N4148
w 1184 208 1184 304 0
o 8 256 7 135177 5 0.05 0 1 0.0098
o 16 256 7 135427 5 0.2 1 1 0.0784
o 22 256 0 4363 20 12.8 2 2 22 3
o 26 256 0 4355 1.25 0.1 3 2 26 3
o 38 256 0 4355 1.25 0.0016 4 2 38 3
o 8 256 0 4353 640 0.0063 5 2 8 3
o 45 256 0 4355 1.25 0.05 6 2 45 3
38 16 F1 0 0 5 -1 Voltage
