$ 1 1E-7 28.9069 54 5 43 5E-11
t 208 256 160 256 0 1 0.2181 0.4159 100 default
w 160 64 160 128 0
w 160 64 160 16 0
w 80 16 16 16 0
c 80 16 80 64 4 1E-7 0.5223 0.001 0.1
r 16 16 16 80 0 10
c 256 256 256 160 4 5E-8 -2.663 0.001 0
w 160 160 160 240 0
406 256 160 160 208 0 0.002 0.999 6:-1 2 0.0008 -1.20145E-13 
l 80 16 160 16 0 1E-4 0.0067 0
w 160 272 160 304 0
w 80 64 80 304 0
w 128 304 160 304 0
118 16 160 16 80 0 0 40 0.6 0 0 0.5
w 16 160 16 304 0
w 16 304 80 304 0
w 256 16 160 16 0
c 400 128 400 192 4 1E-8 1.193 0.001 0
w 256 256 400 256 0
d 256 128 400 128 2 1N5711
d 256 16 256 128 2 1N5711
r 208 256 256 256 0 1
c 448 -32 448 0 4 1E-7 0.001 0.001 0
s 400 128 448 128 0 0 0
403 192 -144 320 -80 0 17_128_7_4355_10_0.0004_-1_1_0.0004
403 480 128 608 192 0 17_128_0_4355_2.5_0.0004_-1_2_17_3
403 192 -80 320 -16 0 20_128_7_4363_10_0.0008_-1_1_0.0096
w 128 304 80 304 0
w 400 192 400 256 0
162 448 128 448 256 2 default-led 1 0 0 0.01
368 160 240 112 240 0 0
368 448 256 448 304 0 0
d 256 304 256 256 2 1N5711
w 160 304 256 304 0
l 528 272 576 272 0 0.001 0 0
r 448 256 400 256 0 1
403 -208 48 -80 112 0 0_64_6_4355_2.5_0.1_-1_1
c 256 128 320 192 4 6.8E-8 0.1991 0.001 0.001
w 256 304 320 304 0
w 320 192 320 304 0
o 6 128 0 4355 5 0.0128 0 2 6 3
o 4 128 0 4355 1.25 0.0512 1 2 4 3
o 13 128 7 135427 2.5 0.0062 2 1 0.0384
o 19 128 0 4355 2.5 0.0016 3 2 19 3
o 22 128 0 4363 0.0049 9.76563E-5 4 2 22 3
o 29 128 0 135435 2.5 0.0008 5 2 29 3
o 30 128 0 4354 2.5 1.6 6 2 30 3
o 31 128 0 4355 1.25 0.8 6 2 31 3
o 32 128 0 4354 1.25 0.0016 7 2 32 3
o 9 128 0 4355 2.5088 0.0512 8 2 9 3
o 0 128 4 4355 1.25 0.1 9 1
o 37 128 0 4354 2.5 0.0063 10 2 37 3
38 13 F1 0 0 2 -1 Voltage
