$ 1 1E-8 23.4706 58 5 43 5E-11
t 208 256 160 256 0 1 0.2585 0.6747 100 default
w 160 64 160 128 0
w 160 64 160 16 0
w 80 16 16 16 0
c 80 16 80 64 4 1E-7 0.6998 0.001 0.1
r 16 16 16 80 0 10
c 256 256 256 160 4 5E-8 -2.1534 0.001 0
w 160 160 160 240 0
406 256 160 160 208 0 1E-5 0.999 5:-1 2 0.0322 0.0214 
l 80 16 160 16 0 1E-5 0.0216 0
w 160 272 160 304 0
w 80 64 80 304 0
w 128 304 160 304 0
118 16 160 16 80 0 0 40 1 0 0 0.5
w 16 160 16 304 0
w 16 304 80 304 0
w 256 16 160 16 0
c 400 128 400 192 4 1E-8 0.6177 0.001 0
w 256 256 400 256 0
d 256 128 400 128 2 1N5711
d 256 16 256 128 2 1N5711
r 208 256 256 256 0 1
c 256 128 256 160 4 1E-7 -2.2967 0.001 0
s 400 128 448 128 0 0 0
403 192 -144 320 -80 0 17_128_7_4355_10_0.0004_-1_1_0.0256
403 480 128 608 192 0 17_128_0_4355_10_0.0128_-1_2_17_3
403 192 -80 320 -16 0 20_128_7_4363_10_0.0008_-1_1_0.0192
w 128 304 80 304 0
r 384 320 336 320 0 50
w 400 192 400 256 0
162 448 128 448 256 2 default-led 1 0 0 0.01
368 160 240 112 240 0 0
368 448 256 448 304 0 0
d 256 304 256 256 2 1N5711
w 160 304 256 304 0
l 400 256 448 256 0 0.005 9.31488E-11 0
o 6 128 0 4355 5 0.0256 0 2 6 3
o 4 128 0 4355 1.25 0.1 1 2 4 3
o 13 128 7 135427 2.5 0.0062 2 1 0.1536
o 19 128 0 4355 5 0.0128 3 2 19 3
o 22 128 7 4363 5 0.2 4 1 0.1562
o 30 128 0 135435 2.5 0.0128 5 2 30 3
o 31 128 0 4354 2.5 1.6 6 2 31 3
o 32 128 0 4355 2.5 3.2 6 2 32 3
o 33 128 0 4355 5 9.76563E-5 7 2 33 3
o 9 128 0 4355 0.625 0.1 8 2 9 3
38 13 F1 0 0 2 -1 Voltage
