$ 1 1e-10 23.47059216675035 44 5 50 5e-11
T 832 352 896 400 4 0.000009999999999999999 0.1 0 0 0.999
f 832 480 896 480 32 1.5 0.02
w 832 432 832 480 0
w 896 432 896 464 0
w 896 496 896 544 0
w 896 464 944 464 0
c 944 464 944 544 0 1e-9 0.001 0.001
w 944 464 992 464 0
r 992 464 992 544 0 100000
w 896 544 944 544 0
w 944 544 992 544 0
w 832 352 784 352 0
w 720 352 720 480 0
w 832 544 896 544 0
w 896 352 944 352 0
r 1024 352 1088 352 0 1
c 784 480 784 544 0 1e-11 0.001 0.001
w 832 544 784 544 0
w 720 544 784 544 0
w 720 352 784 352 0
w 784 480 832 480 0
34 zener-10 1 1.7143528192810002e-7 0 2.0000000000000084 10 1
z 832 512 832 480 2 zener-10
z 832 512 832 544 2 zener-10
162 1024 464 1024 544 2 default-led 1 0 0 0.01
w 832 432 832 400 0
w 896 432 896 400 0
w 720 544 720 480 0
v 1088 416 1088 352 0 0 40 1 0 0 0.5
w 1088 416 1088 544 0
w 1024 544 1088 544 0
w 1024 544 992 544 0
w 944 352 1024 352 0
c 1024 352 1024 416 0 1e-8 0.001 0.001
w 1024 416 1088 416 0
w 1024 464 992 464 0
o 6 64 0 4353 2.5 0.1 0 2 6 3
o 16 64 0 4099 10 0.0125 1 2 16 3
o 1 64 0 4099 2.5 0.05 2 2 1 3
o 27 64 7 135425 5 0.4 3 1 0.3125
o 23 64 0 4105 10 0.05 4 2 23 3
o 26 64 0 4353 0.0000762939453125 0.0125 5 2 26 3
o 32 64 0 4353 5 0.2 6 2 32 3
38 6 F1 0 0 1e-9 -1 Capacitance
38 27 F1 0 0 2 -1 Voltage
