$ 1 2E-8 47.6595 54 5 43 5E-11
t 208 256 160 256 0 1 0.0404 0.2158 100 default
w 160 64 160 128 0
w 160 64 160 16 0
w 80 16 16 16 0
c 80 16 80 64 4 1E-7 0.8 0.001 0.1
r 16 16 16 80 0 10
c 256 256 256 160 4 1E-8 -3.0841 0.001 0
w 160 160 160 240 0
406 256 160 160 208 0 5E-5 0.999 4:-1 2 0.0182 -4.19386E-10 
l 80 16 160 16 0 1E-5 4.72134E-9 0
w 160 272 160 304 0
w 80 64 80 304 0
w 128 304 160 304 0
118 16 160 16 80 0 0 40 0.8 0 0 0.5
w 16 160 16 304 0
w 16 304 80 304 0
w 256 16 160 16 0
c 400 128 400 192 4 1E-8 5.8917 0.001 0
w 256 256 400 256 0
d 256 128 400 128 2 1N5711
d 256 16 256 128 2 1N5711
r 208 256 256 256 0 1
c 256 128 256 160 4 1E-7 -2.5006 0.001 0
s 400 128 448 128 0 1 0
403 368 32 496 96 0 17_128_7_4355_10_0.0004_-1_1_0.0001
403 480 128 608 192 0 17_128_0_4355_10_0.0001_-1_2_17_3
403 192 -80 320 -16 0 20_128_7_4363_10_0.0008_-1_1_7.5E-5
w 128 304 80 304 0
r 448 192 400 192 0 1
w 160 304 256 304 0
d 256 304 256 256 2 1N4148
w 400 192 400 256 0
162 448 128 448 192 2 default-led 1 0 0 0.01
o 6 128 0 4355 5 0.0001 0 2 6 3
o 4 128 0 4355 1.25 9.76563E-5 1 2 4 3
o 13 128 7 135427 2.5 0.0062 2 1 0.0003
o 19 128 0 4355 10 0.0001 3 2 19 3
o 22 128 7 4363 5 0.2 4 1 0.0781
o 30 128 0 4355 2.5 9.76563E-5 5 2 30 3
o 32 128 7 135427 5 0.0016 6 1 7.62939E-5
o 0 128 1 4355 2.5 9.76563E-5 7 2 0 6
o 0 128 2 4355 5 0.0004 8 1
38 13 F1 0 0 2 -1 Voltage
