$ 1 1.0000000000000002e-10 18.278915558614752 51 5 43 5e-11
t 144 160 144 208 0 1 0.6629053297942135 0.7154541177043658 100 default
t 352 160 352 208 0 -1 -0.6629053297942011 -0.7154541177042861 100 default
T 224 160 272 208 12 0.00009999999999999999 0.2 -0.01454260058064536 0.07602848508836578 0.999
w 224 160 144 160 0
w 272 160 352 160 0
w 336 208 272 208 0
w 224 208 160 208 0
w 368 208 416 208 0
w 128 208 80 208 0
g 80 272 80 304 0 0
R 480 208 528 208 0 0 40 1 0 0 0.5
162 224 240 272 240 2 default-led 1 0 0 0.01
w 224 208 224 240 0
w 272 208 272 240 0
r 416 208 480 208 0 10
c 416 208 416 256 0 0.000001 0.3288735297127244 0.001
g 416 256 416 272 0 0
w 80 208 80 272 0
o 10 64 0 135425 5 0.1 0 2 10 3
o 11 64 0 135169 5 0.025 1 2 11 3
o 15 64 0 4099 0.625 0.2 2 2 15 3
38 10 F1 0 0 2 -1 Voltage
