$ 1 1E-7 38.6965 53 3.3 50 5E-11
f 656 528 592 528 0 0.5 0.1
w 624 336 592 336 0
r 464 336 400 336 0 5
406 624 336 720 368 0 2E-5 0.999 1:8,12 3 0.0039 1.82963E-5 0.0281 
w 592 416 624 416 0
w 720 528 656 528 0
w 592 544 592 592 0
l 464 336 528 336 0 0.001 0.0187 0
c 528 336 528 384 4 2.2E-6 1.9864 0.1 0
w 720 368 720 384 0
w 720 416 784 416 0
c 784 384 784 416 4 2.2E-6 -2.436 0.1 0
w 592 464 592 512 0
w 880 336 880 464 0
w 592 464 656 464 0
w 592 416 592 464 0
118 400 384 400 336 0 0 40 1 0 0 0.5
w 592 592 656 592 0
w 528 464 528 592 0
w 528 592 592 592 0
w 656 464 720 464 0
r 656 464 656 528 0 100000
w 784 528 880 528 0
c 880 464 880 528 4 1E-8 0.9583 0.1 0
w 400 384 464 384 0
c 592 464 528 464 4 2.2E-7 2.2915 0.1 0.1
l 528 464 528 384 0 0.001 0.0039 0
w 720 336 784 336 0
w 720 528 784 528 0
w 528 336 592 336 0
w 880 336 784 336 0
z 656 592 656 528 2 default-zener
162 656 464 720 384 2 default-led 1 0 0 0.1
c 464 336 464 384 4 2.2E-6 0.8493 0.1 0
w 464 384 528 384 0
l 720 416 720 464 0 0.001 0.0024 0
l 720 384 784 384 0 0.001 0.0257 0
o 0 128 0 4355 5 0.125 0 2 0 3
o 11 128 0 4363 5 0.1 1 2 11 3
o 8 128 0 4355 2.5 0.0625 2 2 8 3
o 16 128 7 135427 5 0.1 3 1 0.0976
o 31 128 0 4355 10 0.0008 4 2 31 3
o 32 128 7 135427 2.5 0.25 5 1 0.0244
o 32 128 0 4355 2.5 0.0197 5 2 32 3
38 16 F1 0 0 1 -1 Voltage
