$ 1 1e-8 32.755850052045055 53 5 50 5e-11
f 656 528 592 528 32 0.1 0.02
w 624 336 528 336 0
r 416 336 352 336 0 1
R 352 336 304 336 0 0 40 0.6 0 0 0.5
g 592 592 592 624 0 0
162 832 336 880 336 2 default-led 1 0 0 0.01
r 656 528 656 592 0 500000
406 624 336 720 368 0 0.000009999999999999999 0.999 1:10,40 3 0.0007916064094121919 4.352000000174341e-9 0.0032717978623210083 
w 592 416 624 416 0
w 880 528 704 528 0
w 592 544 592 592 0
l 416 336 480 336 0 0.000001 -0.0000050080717483188825 0
g 416 384 416 400 0 0
c 416 336 416 384 4 1.0000000000000001e-7 0.6000039393736049 0.001 0
w 720 368 720 384 0
w 720 416 784 416 0
w 784 384 720 384 0
c 784 384 784 416 4 1e-9 -2.5838145896759137 0.001 0
w 656 592 592 592 0
w 592 464 592 512 0
162 832 288 880 288 2 default-led 1 0 0 0.01
162 880 288 928 288 2 default-led 1 0 0 0.01
s 656 528 704 528 0 0 false
c 784 336 784 384 4 1e-9 1.1886097250981749 0.001 0
d 720 336 784 336 2 1N4148
w 880 464 880 528 0
w 480 336 528 336 0
w 592 464 720 464 0
w 592 416 592 464 0
w 784 336 832 336 0
w 880 384 784 384 0
s 880 336 880 384 0 0 false
c 880 384 880 464 4 1e-9 0.6743201455006103 0.001 0
c 624 336 624 416 4 1e-8 -0.06447457403099843 0.001 0
w 720 416 720 464 0
o 0 128 0 4355 2.5 0.1 0 2 0 3
o 17 128 0 4363 40 0.00625 1 2 17 3
o 5 128 7 135433 2.5 0.05 2 1 0.0390625
o 3 128 7 135427 5 0.05 2 1 0.0390625
o 23 128 0 4355 10 0.0015625 3 2 23 3
o 13 128 0 4355 1.25 0.00625 4 2 13 3
o 11 128 0 4355 0.0390625 0.1 5 2 11 3
o 6 128 0 4355 20 0.00009765625 6 2 6 3
o 33 128 0 4361 1.25 0.003125 7 2 33 3
38 3 F1 0 0 1 -1 Voltage
