$ 1 1.0000000000000001e-7 32.755850052045055 45 5 50 5e-11
w 592 368 592 416 0
w 592 464 592 512 0
f 528 528 592 528 32 0.5 0.02
w 624 336 480 336 0
r 416 336 352 336 0 1
R 352 336 304 336 0 0 40 0.8 0 0 0.5
g 592 592 592 624 0 0
162 784 336 832 336 2 default-led 1 0 0 0.01
r 528 528 528 592 0 1000000
406 624 336 720 368 0 0.000009999999999999999 0.999 1,20:10,30 4 0.053130277149753824 -0.000008265686919157328 0.0007789951620427865 0.05164646792620779 
w 592 368 624 368 0
w 624 464 592 464 0
w 624 384 528 384 0
r 528 384 528 464 0 1
w 592 544 592 592 0
w 624 416 624 464 0
l 416 336 480 336 0 0.000009999999999999999 0.05313027714975332 0
g 416 384 416 400 0 0
c 416 336 416 384 4 1.0000000000000001e-7 0.7468876512084688 0.001 0
w 720 368 720 384 0
w 720 416 784 416 0
w 720 336 784 336 0
w 784 384 720 384 0
c 784 384 784 416 4 2.0000000000000002e-7 11.886264646449593 0.001 0
w 528 592 592 592 0
w 592 416 592 464 0
c 720 336 720 368 4 1e-8 3.9582344709935904 0.001 0
c 640 512 640 544 4 1e-8 0.34931616371786506 0.001 0
w 592 512 640 512 0
w 592 544 640 544 0
w 528 464 528 528 0
162 832 336 880 336 2 default-led 1 0 0 0.01
162 880 336 928 336 2 default-led 1 0 0 0.01
w 928 336 928 384 0
w 784 384 832 384 0
w 832 384 880 384 0
w 880 384 928 384 0
o 2 128 0 4355 5 0.1 0 2 2 3
o 23 128 7 4363 20 0.1 1 1 2.5
o 7 128 7 135433 2.5 0.1 2 1 0.0390625
o 5 128 7 135427 5 0.05 2 1 0.078125
o 26 128 0 4355 10 0.00625 3 2 26 3
38 5 F1 0 0 1 -1 Voltage
