$ 1 1E-10 100.8951 46 5 50 5E-11
t 816 192 880 192 0 1 -1.0657 0.5919 100 default
t 928 176 944 176 0 -1 9.524 0.2412 100 default
w 944 160 944 112 0
w 944 272 864 272 0
c 816 192 816 272 4 1E-8 0.1174 0.001 0
w 880 208 880 304 0
w 880 304 944 304 0
r 816 112 816 192 0 1000
162 1184 208 1184 256 2 default-led 1 0 0 0.01
T 992 192 1040 224 4 1E-5 10 0.0083 0.0005 0.999
f 1072 224 1120 224 32 0.5 0.02
w 944 192 992 192 0
T 1120 160 1184 208 4 1E-4 5 1.83131E-7 0.0001 0.999
w 944 192 944 224 0
34 zener-12 1 1.7143528192810002e-7 0 2.0000000000000084 12 1
z 1072 256 1072 224 2 zener-12
w 1072 304 1120 304 0
w 1184 160 1184 112 0
82 1296 112 1360 112 0 0 40 1 0 0 0.5
g 1120 304 1120 336 0 0
w 1120 112 1120 160 0
r 1248 112 1296 112 0 10
w 880 112 944 112 0
w 1040 112 1120 112 0
368 1040 224 1040 256 0 0
w 944 304 992 304 0
w 816 112 880 112 0
w 1120 240 1120 304 0
c 1120 112 1120 48 4 1E-7 0.7162 0.001 0.001
g 1120 48 1120 16 0 0
z 1072 256 1072 304 2 zener-12
r 880 176 928 176 0 0.001
w 816 272 864 272 0
r 944 224 944 272 0 1000
d 944 304 944 272 2 1N4148
w 1184 256 1184 304 0
w 1184 304 1120 304 0
l 1120 112 1184 112 0 1E-4 0.0238 0
w 1248 112 1184 112 0
w 1072 224 1040 224 0
l 992 304 992 224 0 1E-5 0.0083 0
r 944 112 1040 112 0 1
w 992 304 1072 304 0
r 1040 192 1040 144 0 50000
c 1040 112 1040 144 4 1E-9 -1.1244 0.001 0.001
d 1072 224 1072 144 2 1N4148
w 1072 144 1040 144 0
o 4 256 0 4355 0.3125 0.0016 0 2 4 3
o 8 256 7 135177 5 0.05 1 1 0.0098
o 8 256 0 4354 20447.2384 0.025 2 2 8 3
o 17 256 7 135427 5 0.2 3 1 0.0392
o 23 256 0 4363 20 12.8 4 2 23 3
o 27 256 0 4355 1.25 0.1 5 2 27 3
o 33 256 0 4355 1.25 0.05 6 2 33 3
o 14 256 0 4355 2.5 0.0016 7 2 14 3
38 17 F1 0 0 5 -1 Voltage
