$ 1 1E-8 38.6965 45 5 50 5E-11
t 816 192 864 192 0 1 0.2321 0.4738 100 default
t 912 176 944 176 0 -1 0.0061 0.1757 100 default
w 944 160 944 112 0
w 944 272 864 272 0
c 816 192 816 272 4 1E-9 0.3326 0.001 0
w 864 208 864 304 0
w 864 304 944 304 0
r 816 112 816 192 0 1000
162 1184 160 1184 208 2 default-led 1 0 0 0.01
T 992 192 1040 224 4 1E-5 10 0.0163 0.0008 0.999
f 1072 224 1120 224 32 0.5 0.02
w 944 192 992 192 0
T 1120 160 1184 208 0 0.001 5 0.0803 0.016 0.999
w 944 192 944 224 0
34 zener-12 1 1.7143528192810002e-7 0 2.0000000000000084 12 1
z 1072 256 1072 224 2 zener-12
w 1072 304 1120 304 0
82 1296 112 1360 112 0 0 40 0.8 0 0 0.5
g 1120 368 1120 400 0 0
w 1120 112 1120 160 0
r 1248 112 1296 112 0 1
w 880 112 912 112 0
w 1072 112 1120 112 0
368 1040 224 1040 256 0 0
w 944 304 992 304 0
w 816 112 880 112 0
c 1120 112 1120 48 4 1E-6 0.7112 0.001 0.001
g 1120 48 1120 16 0 0
z 1072 256 1072 304 2 zener-12
w 816 272 864 272 0
r 944 224 944 272 0 10000
l 1184 112 1248 112 0 1E-4 0.0801 0
w 1184 112 1120 112 0
w 1072 224 1040 224 0
l 992 304 992 224 0 5E-5 0.0163 0
w 992 304 1072 304 0
c 1040 192 1040 112 4 1E-9 10.7341 0.001 0.001
d 1072 224 1072 192 2 1N4148
w 1120 368 1120 304 0
w 1040 192 1072 192 0
d 944 384 944 352 2 1N4148
w 1184 208 1184 240 0
w 1120 240 1120 304 0
w 944 112 1040 112 0
l 864 176 912 176 0 1E-5 0.001 0
d 1184 304 1184 240 2 1N5711
w 1184 304 1120 304 0
d 1184 160 1184 112 2 1N4148
c 784 112 784 192 4 1E-9 0.2374 0.001 0.001
w 816 112 784 112 0
w 816 192 784 192 0
w 1072 112 1040 112 0
r 912 112 912 176 0 1000
d 784 192 784 272 2 1N4148
w 784 272 816 272 0
w 912 112 944 112 0
o 8 256 7 135177 5 0.05 0 1 0.039
o 16 256 7 135427 5 0.2 1 1 0.0784
o 22 256 0 4363 20 12.8 2 2 22 3
o 25 256 0 4355 1.25 0.1 3 2 25 3
o 35 256 0 4355 20 0.0062 4 2 35 3
o 8 256 0 4353 640 0.025 5 2 8 3
o 39 256 0 4355 7.62939E-5 9.76563E-5 6 2 39 3
o 4 256 0 4355 0.625 0.1 7 2 4 3
o 1 256 1 4355 320 0.0125 8 1
o 46 256 0 4355 80 0.0125 9 2 46 3
o 44 256 0 4355 80 0.0125 10 2 44 3
o 52 256 0 4355 0.625 0.0002 11 2 52 3
o 7 256 0 4355 1.25 0.0016 12 2 7 3
38 16 F1 0 0 5 -1 Voltage
