$ 1 1E-8 23.4706 48 5 43 5E-11
t 208 256 160 256 0 1 0.0017 0.6423 100 default
w 256 128 256 16 0
w 80 16 16 16 0
c 80 16 80 64 4 1E-7 0.1825 0.001 0.1
r 16 16 16 80 0 10
c 256 256 256 160 4 6.8E-8 1.2797 0.001 0
w 160 176 160 240 0
406 256 160 160 208 0 9E-5 0.999 1\p1\p1:1 4 0.0005 0.0706 -1.87275E-11 3.71225E-7 
l 80 16 160 16 0 1E-6 0.0712 0
w 160 272 160 304 0
w 80 64 80 304 0
w 128 304 160 304 0
118 16 160 16 80 0 0 40 0.9 0 0 0.5
w 16 160 16 304 0
w 16 304 80 304 0
w 256 16 160 16 0
c 400 64 400 192 4 6.8E-8 1.427 0.001 0
w 320 256 400 256 0
d 320 64 400 64 2 1N5711
d 320 16 320 64 2 1N5711
r 208 256 256 256 0 1000
s 400 64 448 64 0 0 0
403 192 -144 320 -80 0 16_128_7_4355_10_0.0004_-1_1_419.4304
403 480 128 608 192 0 16_128_0_4355_10_104.8576_-1_2_16_3
403 192 -80 320 -16 0 19_128_7_4363_10_0.0008_-1_1_0.0384
w 128 304 80 304 0
w 400 192 400 256 0
162 448 64 448 256 2 default-led 1 0 0 0.01
368 160 240 112 240 0 0
368 448 256 448 304 0 0
d 256 304 256 256 2 1N5711
w 160 304 256 304 0
w 256 256 320 256 0
w 320 16 256 16 0
c 256 64 320 64 4 6.8E-8 0.2122 0.001 0
g 16 304 16 320 0 0
w 400 256 448 256 0
r 160 64 160 160 0 1000000
w 160 176 288 176 0
w 288 176 288 96 0
w 288 96 256 96 0
o 5 128 0 4355 2.5 0.1024 0 2 5 3
o 3 128 0 4355 1.25 0.2048 1 2 3 3
o 12 128 7 135427 2.5 0.0062 2 1 0.1536
o 27 128 0 135435 5 0.0512 3 2 27 3
o 28 128 0 4354 10 1.6 4 2 28 3
o 29 128 0 4355 5 6.4 5 2 29 3
o 0 128 4 4355 2.5 0.1 6 1
o 19 128 0 4354 10 0.0126 7 2 19 3
o 18 128 0 4355 20 0.025 7 2 18 3
o 34 128 0 4354 1.25 0.05 8 2 34 3
o 30 128 0 4355 5 9.76563E-5 9 2 30 3
38 12 F1 0 0 2 -1 Voltage
