$ 1 1E-9 100.8951 54 5 50 5E-11
t 816 192 880 192 0 1 0.2561 0.3832 100 default
t 880 176 944 176 0 -1 0.1291 0.5019 100 default
w 944 160 944 112 0
w 944 256 816 256 0
c 816 192 816 256 4 1E-9 0.3851 0.001 0
w 880 208 880 304 0
c 1120 80 1120 32 4 1E-6 0.6275 0.001 0.1
w 880 304 944 304 0
r 816 112 816 192 0 1000
162 1184 128 1184 176 2 default-led 1 0 0 0.01
l 944 256 944 304 0 0.0001 0.0001 0
T 992 224 1040 256 0 1E-4 5 0.0001 -2.13599E-7 0.999
f 1072 224 1120 224 32 0.5 0.02
w 944 224 992 224 0
T 1120 128 1184 176 0 1E-4 4 0.0094 0.0022 0.999
w 944 192 944 224 0
34 zener-12 1 1.7143528192810002e-7 0 2.0000000000000084 12 1
z 1072 256 1072 224 2 zener-12
w 992 256 992 304 0
w 992 304 1040 304 0
w 1072 304 1120 304 0
w 944 112 1008 112 0
82 1232 112 1296 112 0 0 40 1.65 0 0 0.5
g 1120 304 1120 336 0 0
w 1120 112 1120 128 0
r 1184 112 1232 112 0 100
w 1072 224 1040 224 0
w 1072 304 1040 304 0
w 1120 80 1120 112 0
w 880 112 944 112 0
g 1120 32 1120 16 0 0
w 1120 112 1184 112 0
w 1040 112 1008 112 0
368 1072 224 1072 192 0 0
w 944 304 992 304 0
w 1120 176 1120 208 0
w 816 112 880 112 0
w 1120 240 1120 304 0
c 944 112 944 48 4 1E-7 0.6291 0.001 0.001
g 944 48 944 16 0 0
c 1040 256 1040 304 4 1E-9 2.7683 0.001 0.001
z 1072 256 1072 304 2 zener-12
w 944 224 944 256 0
w 1040 224 1040 192 0
w 992 224 992 192 0
d 992 192 1040 192 2 1N4148
l 1120 112 1040 112 0 1E-4 0.0009 0
o 6 256 0 4355 1.25 0.025 0 2 6 3
o 4 256 0 4355 0.625 0.0992 1 2 4 3
o 9 256 7 135177 5 0.05 2 1 0.0195
o 9 256 0 4355 5111.8097 0.0125 3 2 9 3
o 21 256 7 135427 5 0.2 4 1 0.0196
o 32 256 0 4363 10 6.4 5 2 32 3
o 44 256 0 4355 5 0.0008 6 2 44 3
o 37 256 0 4355 5 0.1 7 2 37 3
38 21 F1 0 0 5 -1 Voltage
