$ 1 1e-9 45.7144713268909 55 5 50 5e-11
w 592 368 592 464 0
w 592 464 592 512 0
f 528 528 592 528 0 0.5 0.02
w 624 336 480 336 0
r 416 336 352 336 0 10
R 352 336 304 336 0 0 40 0.5 0 0 0.5
g 592 592 592 624 0 0
l 720 336 784 336 0 0.000009999999999999999 0.00011949532360503744 0
c 784 336 784 416 0 1e-8 -0.0031879178941847663 0.001
d 784 336 848 336 2 1N5711
w 848 336 912 336 0
c 912 336 912 416 0 1e-9 0.48059364455855386 0.001
162 976 336 976 416 2 default-led 1 0 0 0.01
w 976 416 912 416 0
r 912 336 976 336 0 1
406 624 336 720 368 0 0.000009999999999999999 0.999 1,10:5 3 3.6436185261479214e-7 4.658681209898652e-20 -0.00011949532360503702 
w 592 368 624 368 0
w 624 464 592 464 0
w 624 384 528 384 0
w 528 384 528 464 0
r 528 464 528 528 0 50000
w 592 544 592 592 0
w 848 416 912 416 0
w 592 544 624 544 0
w 592 512 624 512 0
c 624 512 624 544 0 1e-11 0.5006082926282944 0.001
w 720 416 784 416 0
w 624 416 624 464 0
l 416 336 480 336 0 0.00001 3.643618526136826e-7 0
g 416 384 416 400 0 0
c 416 336 416 384 0 1e-7 0.4999964125964943 0.001
c 624 464 720 464 0 1.0000000000000001e-7 0.006634279234931373 0.001
w 720 416 720 464 0
d 848 416 784 416 2 1N5711
g 976 416 976 448 0 0
o 8 128 0 4363 0.01953125 0.000390625 0 2 8 3
o 11 128 0 4355 0.625 0.00009765625 1 2 11 3
o 5 128 7 135425 5 0.2 2 1 0.0000762939453125
o 12 128 7 135425 5 0.00625 3 1 0.0000762939453125
o 31 128 0 4355 0.009765625 0.00009765625 4 2 31 3
38 5 F1 0 0 1 -1 Voltage
