$ 1 1e-8 81.92041607667615 53 5 50 5e-11
f 656 528 592 528 32 0.5 0.02
w 624 336 592 336 0
r 528 336 464 336 0 10
162 784 336 880 336 2 default-led 1 0 0 0.01
406 624 336 720 368 0 0.000009999999999999999 0.999 1:10,50 3 0.02442755308792443 -0.00643957726395142 0.0007318366634315684 
w 592 416 624 416 0
w 784 528 656 528 0
w 592 544 592 592 0
l 528 336 592 336 0 0.000001 0.024427553087924363 0
c 528 336 528 384 4 0.0000010000000000000002 0.3488945187754314 0.001 0
w 720 368 720 384 0
w 720 416 784 416 0
w 784 384 720 384 0
c 784 384 784 416 4 1e-8 12.237885150749293 0.001 0
w 592 464 592 512 0
c 784 336 784 384 4 1e-9 1.7419129707876095 0.001 0
d 720 336 784 336 2 1N4148
w 880 384 880 464 0
w 592 464 656 464 0
w 592 416 592 464 0
w 880 384 784 384 0
s 880 336 880 384 0 0 false
w 720 416 720 464 0
v 464 384 464 336 0 0 40 0.6 0 0 0.5
w 464 384 528 384 0
w 528 464 528 592 0
w 528 592 592 592 0
w 656 464 720 464 0
r 656 464 656 528 0 200000
w 784 528 880 528 0
c 880 464 880 528 4 1e-9 0.054867187583736765 0.001 0
w 528 384 528 464 0
o 0 128 0 4355 1.25 0.1 0 2 0 3
o 13 128 0 4363 20 0.05 1 2 13 3
o 3 128 7 135433 2.5 0.05 2 1 0.0390625
o 15 128 0 4355 5 0.00078125 3 2 15 3
o 9 128 0 4355 1.25 0.1 4 2 9 3
o 23 128 7 135427 5 0.1 4 1 0.0390625
38 23 F1 0 0 1 -1 Voltage
