$ 1 1e-8 32.755850052045055 53 5 50 5e-11
w 592 368 592 416 0
w 720 512 752 512 0
f 528 528 592 528 32 0.1 0.02
w 624 336 480 336 0
r 416 336 352 336 0 1
R 352 336 304 336 0 0 40 0.5 0 0 0.5
g 592 592 592 624 0 0
162 784 336 832 336 2 default-led 1 0 0 0.01
r 528 528 528 592 0 1000000
406 624 336 720 368 0 0.000009999999999999999 0.999 1,50:15,50 4 0.035290500747962826 -0.0000035706718922357992 -1.045321244254804e-7 0.0043074464069837075 
w 592 368 624 368 0
w 720 416 720 464 0
w 624 384 528 384 0
r 528 384 528 464 0 1
w 592 544 592 592 0
w 624 416 624 464 0
l 416 336 480 336 0 0.00009999999999999999 0.035290500747962826 0
g 416 384 416 400 0 0
c 416 336 416 384 4 1.0000000000000001e-7 0.464558243378359 0.001 0
w 720 368 720 384 0
w 720 416 784 416 0
w 784 384 720 384 0
c 784 384 784 416 4 1e-8 3.353331063470639 0.001 0
w 528 592 592 592 0
w 592 416 592 464 0
w 528 464 528 528 0
162 832 288 880 288 2 default-led 1 0 0 0.01
162 880 288 928 288 2 default-led 1 0 0 0.01
w 784 384 832 384 0
w 832 384 928 384 0
s 928 336 928 384 0 0 false
c 784 336 784 384 4 1e-11 0.8460340853804846 0.001 0
d 720 336 784 336 2 1N4148
w 832 336 928 336 0
w 928 384 928 416 0
d 592 464 624 464 2 1N4148
w 592 464 592 512 0
o 2 128 0 4355 10 0.05 0 2 2 3
o 22 128 0 4363 10 0.00625 1 2 22 3
o 7 128 0 135433 2.5 0.0125 2 2 7 3
o 5 128 7 135427 5 0.05 2 1 0.0390625
o 31 128 0 4355 2.5 0.00009765625 3 2 31 3
o 18 128 0 4355 1.25 0.00625 4 2 18 3
o 16 128 0 4355 5 0.05 5 2 16 3
38 5 F1 0 0 1 -1 Voltage
