$ 1 1E-8 19.8674 56 5 43 5E-11
t 208 256 160 256 0 1 0.7119 0.034 100 default
w 160 64 160 128 0
w 160 64 160 16 0
r 400 256 400 192 0 50000
w 160 16 80 16 0
c 80 16 80 64 4 1E-7 0.9939 0.001 0.1
r 16 16 16 80 0 100
c 256 256 256 192 4 1E-8 -4.1597 0.001 0
w 160 192 160 240 0
406 256 192 160 240 0 1E-4 0.999 1\p4:-1 3 0.0161 0.0064 -1.51619E-12 
w 400 256 400 304 0
c 256 160 256 128 4 1E-8 1.2651 0.001 0
l 16 16 80 16 0 1E-5 6.11107E-5 0
w 160 272 160 304 0
w 208 304 256 304 0
w 80 64 80 304 0
w 80 304 160 304 0
118 16 160 16 80 0 0 40 1 0 0 0.5
w 16 160 16 304 0
w 16 304 80 304 0
w 256 16 160 16 0
w 256 304 288 304 0
d 400 192 336 192 2 1N5711
c 400 128 400 192 4 1E-8 4.3419 0.001 0
w 400 304 288 304 0
w 256 128 336 128 0
d 336 128 400 128 2 1N5711
d 256 16 256 128 2 1N4148
r 208 256 256 256 0 1
r 448 128 448 192 0 10000
w 448 192 400 192 0
c 256 160 256 192 4 1E-7 0.3162 0.001 0
s 400 128 448 128 0 1 0
w 160 304 208 304 0
d 256 304 256 256 2 1N4148
w 256 192 336 192 0
403 368 32 496 96 0 23_128_7_4355_10_0.0004_-1_1_0.0024
403 480 128 608 192 0 23_128_0_4355_5_0.0002_-1_2_23_3
o 7 128 0 4355 5 0.0063 0 2 7 3
o 5 128 0 4355 1.25 0.05 1 2 5 3
o 3 128 0 4355 5 9.76563E-5 2 2 3 3
o 17 128 7 135425 5 0.0031 3 1 0.0049
o 22 128 0 4355 5 9.76563E-5 4 2 22 3
o 26 128 0 4355 5 0.0004 5 2 26 3
o 0 128 1 4355 5 0.0125 6 1
o 27 128 0 4355 10 0.0063 7 2 27 3
o 11 128 0 4355 5 0.05 8 2 11 3
o 22 128 0 4355 5 9.76563E-5 9 2 22 3
o 26 128 0 4355 5 0.0004 10 2 26 3
o 31 128 0 4355 1.25 0.1 11 2 31 3
38 3 F1 0 0 50000 -1 Resistance
