$ 1 1E-10 18.2789 46 5 50 5E-11
t 816 192 880 192 0 1 0.6081 0.6291 100 default
t 880 176 944 176 0 -1 0.5661 0.6523 100 default
w 944 160 944 112 0
w 944 256 944 224 0
w 944 256 816 256 0
c 816 256 816 192 4 1E-9 0.0421 0.001 0
w 1120 368 1120 416 0
w 880 208 880 304 0
c 1120 80 1120 32 4 1E-6 0.9877 0.001 0.1
w 880 304 944 304 0
r 816 112 816 192 0 1000
162 1184 160 1184 208 2 default-led 1 0 0 0.01
l 944 112 1008 112 0 1E-5 0.0088 0
w 880 112 944 112 0
l 944 256 944 304 0 1E-4 0.0002 0
T 992 224 1040 256 4 1E-5 5 0.0065 -1.71435E-7 0.999
f 1072 224 1120 224 32 0.5 0.02
w 944 224 992 224 0
T 1120 160 1184 208 0 1E-5 4 1.81379E-7 -1.70377E-11 0.999
368 1072 224 1072 192 0 0
w 880 112 816 112 0
w 944 192 944 224 0
34 zener-12 1 1.7143528192810002e-7 0 2.0000000000000084 12 1
z 1072 256 1072 304 2 zener-12
z 1072 256 1072 224 2 zener-12
w 992 256 992 304 0
w 992 304 1040 304 0
w 1072 304 1120 304 0
w 1120 240 1120 304 0
w 1008 112 1056 112 0
82 1184 112 1248 112 0 0 40 1 0 0 0.5
g 1120 304 1120 336 0 0
w 1120 112 1120 160 0
r 1120 112 1184 112 0 1
w 1072 224 1040 224 0
w 1072 304 1040 304 0
w 1120 80 1120 112 0
d 944 80 1008 80 2 1N4148
w 944 80 944 112 0
w 1008 80 1120 80 0
w 1056 112 1120 112 0
g 1120 32 1120 16 0 0
w 944 304 992 304 0
c 1040 256 1040 304 4 1E-9 0.3064 0.001 0.001
o 8 256 0 4354 1.25 0.05 0 2 8 3
o 5 256 0 4355 0.625 0.0248 1 2 5 3
o 12 256 0 4099 5.0048 0.0248 2 2 12 3
o 11 256 0 4353 5 0.05 3 2 11 3
o 19 256 0 4355 20 12.8 4 2 19 3
o 11 256 0 4355 159.744 0.05 5 2 11 3
o 29 256 7 4355 5 0.2 6 1 0.1563
38 29 F1 0 0 5 -1 Voltage
