$ 1 1e-8 12.050203812241895 50 5 50 5e-11
T 656 336 720 384 4 0.001 0.1 0.011425052456088752 -0.06254521884469258 0.999
w 656 384 656 416 0
w 720 384 720 416 0
w 656 416 656 464 0
f 592 480 656 480 32 0.5 0.02
w 656 336 592 336 0
c 592 336 592 384 0 0.000001 0.2886388908048137 0.001
g 592 384 592 400 0 0
r 592 336 528 336 0 1
R 528 336 480 336 0 0 40 0.3 0 0 0.5
R 592 480 560 480 0 2 50200 5 5 0 0.5
g 656 496 656 528 0 0
l 720 336 784 336 0 0.000049999999999999996 -0.06254521884469258 0
c 784 336 784 416 0 1.0000000000000001e-7 -0.8288619630097634 0.001
d 784 336 848 336 2 1N5711
w 848 416 848 336 0
w 848 336 912 336 0
c 912 336 912 416 0 1e-9 1.1528445694532172 0.001
g 912 416 912 448 0 0
162 976 336 976 416 2 default-led 1 0 0 0.01
w 976 416 912 416 0
r 912 336 976 336 0 1
l 720 416 784 416 0 0.000049999999999999996 0.0625445888446175 0
d 784 416 848 416 2 1N5711
w 720 416 656 416 0
o 13 32 0 4355 2.5 0.1 0 2 13 3
o 17 32 0 4355 2.5 0.0125 1 2 17 3
o 12 32 0 4355 40 0.1 2 2 12 3
o 9 32 7 135425 5 0.2 3 1 0.009765625
o 19 32 7 135425 5 0.00625 4 1 0.01953125
o 6 32 0 4355 0.3125 0.0125 5 2 6 3
o 14 32 0 4355 5 0.003125 6 2 14 3
o 24 32 0 4355 40 0.0125 7 2 24 3
38 10 F1 3 10000 70000 -1 Frequency
