$ 1 1E-10 100.8951 41 5 50 5E-11
t 816 192 880 192 0 1 0.6254 0.6438 100 default
t 880 176 944 176 0 -1 0.5352 0.6188 100 default
w 944 160 944 112 0
w 944 256 944 224 0
w 944 256 816 256 0
c 816 256 816 192 4 1E-8 0.0902 0.001 0
w 880 208 880 304 0
c 1120 80 1120 32 4 1E-7 0.9638 0.001 0.1
w 880 304 944 304 0
r 816 112 816 192 0 1000
162 1184 208 1184 160 2 default-led 1 0 0 0.01
l 944 112 1008 112 0 1E-5 0.0024 0
w 880 112 944 112 0
l 944 256 944 304 0 1E-4 -9.18532E-5 0
T 992 224 1040 256 0 1E-5 5 0.0009 -7.31489E-6 0.999
f 1072 224 1120 224 32 0.5 0.02
w 944 224 992 224 0
T 1120 160 1184 208 4 1E-4 4 0.0691 0.0171 0.999
368 1072 224 1072 192 0 0
w 880 112 816 112 0
w 944 192 944 224 0
34 zener-12 1 1.7143528192810002e-7 0 2.0000000000000084 12 1
z 1184 256 1072 256 2 zener-12
z 1072 304 1072 256 2 zener-12
w 992 256 992 304 0
w 992 304 1040 304 0
w 1072 304 1120 304 0
w 1120 240 1120 304 0
w 1008 112 1072 112 0
82 1232 112 1296 112 0 0 40 1 0 0 0.5
g 1120 304 1120 336 0 0
w 1120 112 1120 160 0
r 1184 112 1232 112 0 1
w 1072 224 1040 224 0
w 1072 304 1040 304 0
w 1120 80 1120 112 0
w 1072 112 1120 112 0
g 1120 32 1120 16 0 0
w 944 304 992 304 0
l 1120 112 1184 112 0 1E-4 0.0478 0
d 1184 160 1120 112 2 1N5711
c 1040 304 1040 256 4 1E-9 -5.3007 0.001 0.001
w 1184 208 1184 256 0
w 1072 256 1072 224 0
c 1040 224 1040 176 4 10E-12 7.1046 0.001 0.001
w 1040 176 1008 112 0
o 7 256 0 4355 2.5 0.1 0 2 7 3
o 5 256 0 4355 0.625 0.0248 1 2 5 3
o 11 256 0 4099 20.0192 0.0496 2 2 11 3
o 10 256 7 135177 5 0.05 3 1 0.0391
o 18 256 0 4355 10 12.8 4 2 18 3
o 10 256 0 4355 19.968 0.025 5 2 10 3
o 28 256 7 135427 5 0.2 6 1 0.0781
o 39 256 0 4353 2.5 0.0031 7 2 39 3
o 21 256 0 4355 20 0.0004 8 2 21 3
o 22 256 0 4355 10 0.0008 9 2 22 3
38 28 F1 0 0 5 -1 Voltage
