$ 1 1E-9 18.2789 42 5 43 5E-11
t 144 160 144 208 0 1 0 0 100 default
t 352 160 352 208 0 -1 0 0 100 default
T 224 160 272 208 14 1E-4 0.2 0 0 0.99 0.1 0.1
w 224 160 144 160 0
w 272 160 352 160 0
w 336 208 272 208 0
w 224 208 160 208 0
w 368 208 416 208 0
w 128 208 80 208 0
g 80 272 80 304 0 0
82 480 208 528 208 0 0 40 1 0 0 0.5
162 224 288 272 288 2 default-led 1 0 0 0.01
w 224 208 224 240 0
w 272 208 272 240 0
c 416 208 416 256 4 1E-6 0.001 0.001 0
g 416 256 416 272 0 0
w 80 208 80 272 0
l 416 208 480 208 0 0.0001 0 0
c 224 240 272 240 4 1E-8 0.001 0.001 0.001
r 272 240 272 288 0 100
l 224 240 224 288 0 1E-5 0 0
o 10 64 0 135425 5 0.4 0 2 10 3
o 11 64 0 135169 5 0.0031 1 2 11 3
o 14 64 0 4099 1.25 6.4 2 2 14 3
o 18 64 0 4099 2.5 1.6 3 2 18 3
38 10 F1 0 0 2 -1 Voltage
