$ 1 5E-9 19.8674 47 5 50 5E-11
406 848 400 960 368 2 1E-5 0.999 1\p1:5\p5 4 0.007 -3.52522E-7 0.0066 0.0066 
f 960 352 960 304 32 0.5 0.02
f 960 512 960 560 32 0.5 0.02
w 944 304 848 304 0
w 848 352 848 400 0
w 848 464 848 512 0
w 848 560 944 560 0
g 848 432 816 432 0 0
w 976 304 1024 304 0
w 1024 304 1024 432 0
w 976 560 1024 560 0
w 1024 560 1024 432 0
w 960 432 1024 432 0
c 960 400 960 432 4 1E-9 0.5965 0.001 0.001
w 848 352 848 304 0
w 848 512 848 560 0
d 912 512 960 512 2 default-zener
c 960 432 960 464 4 1E-9 0.5965 0.001 0.001
r 960 400 960 352 0 1000
r 960 464 960 512 0 1000
82 1152 432 1200 432 0 0 40 1.5 0 0 0.5
c 1024 272 1088 272 4 1E-6 0.8638 0.001 0.1
w 1024 272 1024 304 0
l 1024 432 1088 432 0 1E-4 0.0155 0
d 912 512 848 512 2 default-zener
d 912 352 960 352 2 default-zener
d 912 352 848 352 2 default-zener
g 1088 272 1088 304 0 0
368 848 560 816 592 0 0
162 1008 400 1088 400 2 default-led 1 0 0 0.01
w 960 400 1008 400 0
c 1088 432 1088 464 4 1E-5 0.8563 0.001 0.1
g 1088 464 1088 480 0 0
r 1088 432 1152 432 0 50
w 1088 400 1088 432 0
o 20 64 7 135427 2.5 0.025 0 1 0.0781
o 16 64 0 4355 10 9.76563E-5 1 2 16 3
o 17 64 0 4355 10 0.0125 2 2 17 3
o 21 64 0 4355 1.25 0.1 3 2 21 3
o 28 64 0 4355 1.25 1.6 4 2 28 3
o 29 64 7 135433 5 0.0125 5 1 0.1563
o 7 64 0 135425 7.62939E-5 0.025 6 2 7 3
o 31 64 0 4355 5 0.05 7 2 31 3
