$ 1 3E-8 16.8174 46 5 50 5E-11
406 848 400 960 368 2 1E-4 0.999 1:10 2 0.0002 0.0056 
w 944 304 848 304 0
w 848 352 848 400 0
g 736 432 688 432 0 0
w 1024 304 1024 352 0
c 848 400 848 432 4 1E-7 0.8215 0.001 0.001
r 960 400 960 352 0 5000
82 1152 432 1200 432 0 0 40 0.48 0 0 0.5
l 1024 432 1088 432 0 0.001 0.0676 0
r 1088 432 1152 432 0 1
w 1024 400 1024 352 0
368 928 512 864 496 0 0
w 1088 432 1088 480 0
w 1024 400 1024 432 0
w 784 432 848 432 0
w 1088 480 1088 576 0
w 1088 576 944 576 0
w 912 576 848 576 0
406 784 480 848 512 0 1E-4 0.999 10:1 2 0.0035 0.0035 
w 848 432 848 480 0
162 736 512 736 432 2 default-led 1 0 0 0.01
w 784 432 784 480 0
w 848 512 848 576 0
c 784 512 784 576 4 1E-8 -4.1802 0.001 0.001
w 784 576 848 576 0
w 736 432 784 432 0
w 784 512 736 512 0
c 1088 432 1088 368 4 1E-5 0.3967 0.001 0.001
g 1088 368 1088 352 0 0
t 960 352 960 304 0 1 0.6365 0.5202 100 default
w 848 480 960 480 0
w 960 400 928 512 0
c 960 480 960 432 4 1E-7 -7.8768 0.001 0.001
f 928 512 928 576 32 0.5 0.02
w 976 304 1024 304 0
r 960 352 1024 352 0 50000
d 1024 400 960 400 2 1N4148
w 848 304 848 352 0
c 1024 432 1024 480 4 1E-5 0.3352 0.001 0.001
g 1024 480 1024 496 0 0
o 7 64 7 135425 2.5 0.1 0 1 0.0781
o 8 64 0 4355 0.625 0.1 1 2 8 3
o 11 64 0 135434 40 6.4 2 2 11 3
o 20 64 0 135425 20 0.0125 3 2 20 3
o 23 64 0 4355 10 0.025 3 2 23 3
o 29 64 4 4355 2.5 0.1 4 1
o 6 64 0 4355 40 0.0064 5 2 6 3
o 5 64 0 4355 5 0.4 6 2 5 3
o 33 64 0 4355 2.5 0.2 7 2 33 3
o 32 64 0 4355 10 0.025 8 2 32 3
o 38 64 0 4355 1.25 0.2 9 2 38 3
o 27 64 0 4355 2.5 0.2 10 2 27 3
38 7 F1 0 0 4 -1 Voltage
