$ 1 1E-8 16.8174 46 5 50 5E-11
406 848 400 960 368 2 1E-6 0.999 1:100 2 0.1813 0.0019 
w 944 304 848 304 0
w 848 352 848 400 0
g 736 432 688 432 0 0
w 1024 304 1024 352 0
c 848 400 848 432 4 1E-8 0.0038 0.001 0.001
r 784 384 784 336 0 5000
82 1152 432 1200 432 0 0 40 1 0 0 0.5
l 1024 432 1088 432 0 1E-4 0.1731 0
r 1088 432 1152 432 0 1
w 1024 400 1024 352 0
368 928 512 992 512 0 0
w 1088 432 1088 480 0
w 1024 400 1024 432 0
w 784 432 848 432 0
w 1088 480 1088 576 0
w 1088 576 944 576 0
w 912 576 848 576 0
406 784 480 848 512 0 1E-4 0.999 5:1 2 0.0003 0.0421 
w 848 432 848 480 0
162 736 512 736 480 2 default-led 1 0 0 0.01
w 736 480 784 480 0
w 848 512 848 576 0
c 784 480 784 512 4 1E-8 0.0252 0.001 0.001
w 736 432 784 432 0
w 784 512 736 512 0
c 1088 432 1088 368 4 1E-5 0.7145 0.001 0.001
g 1088 368 1088 352 0 0
t 960 352 960 304 0 1 0.6751 0.7298 100 default
w 848 480 960 480 0
w 960 400 928 512 0
c 960 480 960 432 4 1E-7 -3.4516 0.001 0.001
f 928 512 928 576 32 0.5 0.02
w 976 304 1024 304 0
d 1024 400 960 400 2 1N4148
w 848 304 848 352 0
c 1024 432 1024 480 4 1E-5 1.4087 0.001 0.001
g 1024 480 1024 496 0 0
34 zener-12 1 1.7143528192810002e-7 0 2.0000000000000084 12 1
z 848 512 928 512 2 zener-12
d 1024 352 960 352 2 1N4148
c 960 352 960 400 4 3.3E-8 -3.0964 0.001 0.001
o 7 64 7 135425 2.5 0.1 0 1 0.6248
o 8 64 0 4355 2.5 0.8 1 2 8 3
o 11 64 0 135434 10 6.4 2 2 11 3
o 20 64 0 135425 10 0.0063 3 2 20 3
o 23 64 0 4355 5 0.0125 3 2 23 3
o 28 64 5 4363 5 0.025 4 1
o 5 64 0 4355 1.25 1.6 5 2 5 3
o 32 64 0 4355 5 0.2 6 2 32 3
o 36 64 0 4355 2.5 102.4 7 2 36 3
o 26 64 0 4355 1.25 0.2 7 2 26 3
o 39 64 7 4355 5 0.0063 8 1 0.0098
o 34 64 7 4355 20 0.025 9 1 7.62939E-5
38 7 F1 0 0 4 -1 Voltage
