$ 1 1E-10 18.2789 44 5 50 5E-11
t 816 192 880 192 0 1 0.5198 0.6289 100 default
t 880 176 944 176 0 -1 0.6264 0.6765 100 default
w 944 160 944 112 0
w 1072 224 1008 224 0
w 944 256 944 192 0
w 944 304 816 304 0
c 816 192 816 304 4 1E-9 0.1067 0.001 0
r 1008 112 1072 112 0 1
w 944 256 944 304 0
w 880 208 880 256 0
c 1008 160 1008 224 4 1E-6 0.982 0.001 0
w 880 256 880 352 0
r 816 112 816 192 0 500
w 880 352 1008 352 0
w 1008 160 1008 112 0
l 944 112 1008 112 0 0.001 0.018 0
w 880 112 944 112 0
d 1008 304 944 304 2 1N4148
118 1072 224 1072 112 0 0 40 1 0 0 0.5
l 880 256 944 256 0 1E-5 0.0165 0
T 1008 256 1072 304 4 1E-4 3.3333 0.0201 0.005 0.999
w 1008 224 1008 256 0
w 1008 304 1008 352 0
w 1072 304 1072 352 0
w 1072 352 1136 352 0
w 1072 64 1136 64 0
162 1136 256 1136 352 2 default-led 1 0 0 0.01
368 816 304 816 352 0 0
c 1072 256 1136 256 4 1E-7 0.9956 0.001 0.1
w 880 112 816 112 0
w 1136 112 1136 224 0
w 1136 112 1136 64 0
w 1072 64 1008 64 0
w 1008 64 944 64 0
w 1072 224 1072 256 0
w 944 64 944 112 0
w 1136 224 1136 256 0
o 10 256 0 4354 1.25 0.05 0 2 10 3
o 15 256 0 4099 0.3125 0.025 1 2 15 3
o 27 256 0 4355 20 12.8 2 2 27 3
o 26 256 7 135432 10 0.0125 3 1 0.0391
o 28 256 0 4355 1.25 0.05 4 2 28 3
o 18 256 7 135427 5 0.025 5 1 0.0781
