$ 1 1E-8 16.8174 54 5 50 5E-11
406 848 400 960 368 2 2E-5 0.999 1:5 2 0.0171 0.0163 
f 960 352 960 304 0 0.5 0.02
w 944 304 848 304 0
w 848 352 848 400 0
g 848 432 816 432 0 0
w 976 304 1024 304 0
w 1024 304 1024 352 0
w 848 352 848 304 0
c 848 400 848 432 4 5E-8 0.0577 0.001 0.001
r 960 400 960 352 0 1
82 1152 432 1200 432 0 0 40 0.52 0 0 0.5
l 1024 432 1088 432 0 0.001 0.0007 0
r 1088 432 1152 432 0 1
w 1024 400 1024 352 0
368 960 352 912 352 0 0
c 960 432 960 480 4 1E-9 1.2875 0.001 0.001
w 1024 480 960 480 0
r 960 352 1024 352 0 100000
d 1024 432 960 432 2 1N4148
w 1088 480 1024 480 0
c 960 400 960 432 4 1E-8 0.2883 0.001 0.001
w 1088 432 1088 480 0
w 1024 400 1024 432 0
o 10 64 0 135425 2.5 0.0031 0 2 10 3
o 8 64 0 4355 1.25 0.0252 1 2 8 3
o 11 64 0 4355 5 0.0031 2 2 11 3
o 14 64 0 4362 10 6.4 3 2 14 3
o 15 64 0 4355 2.5 0.0008 4 2 15 3
o 18 64 0 4355 5 0.0008 5 2 18 3
o 1 64 0 4355 5 0.0031 6 2 1 3
38 10 F1 0 0 4 -1 Voltage
