$ 1 1E-9 18.2789 44 5 50 5E-11
t 816 192 880 192 0 1 0.4219 0.2432 100 default
t 880 176 944 176 0 -1 1.4101 0.3624 100 default
w 944 160 944 112 0
w 1072 224 1008 224 0
w 944 256 944 192 0
w 944 304 816 304 0
c 816 192 816 304 4 1E-9 0.9881 0.001 0
r 1008 112 1072 112 0 10
w 944 256 944 304 0
w 880 208 880 256 0
c 1008 160 1008 224 4 1E-7 0.8688 0.001 0
w 880 256 880 352 0
r 816 112 816 192 0 1000
w 880 352 1008 352 0
w 1008 160 1008 112 0
l 944 112 1008 112 0 0.001 0.0131 0
w 880 112 944 112 0
d 1008 304 944 304 2 1N4148
118 1072 224 1072 112 0 0 40 1 0 0 0.5
l 880 256 944 256 0 1E-4 0.0141 0
T 1008 256 1072 304 0 1E-4 5 0.0008 0.0038 0.999
w 1008 224 1008 256 0
w 1008 304 1008 352 0
w 1072 304 1072 352 0
w 1072 352 1136 352 0
w 1072 64 1136 64 0
162 1136 256 1136 352 2 default-led 1 0 0 0.01
c 1072 256 1136 256 4 1E-7 0.8946 0.001 0.1
w 880 112 816 112 0
w 1136 112 1136 224 0
w 1136 112 1136 64 0
w 1072 64 1008 64 0
w 1008 64 944 64 0
w 1072 224 1072 256 0
w 944 64 944 112 0
w 1136 224 1136 256 0
368 1072 352 1072 416 0 0
w 1136 352 1184 352 0
w 1136 256 1184 256 0
w 1184 352 1232 352 0
w 1184 256 1232 256 0
w 1232 352 1280 352 0
w 1232 256 1280 256 0
162 1184 256 1184 352 2 default-led 1 0 0 0.01
162 1232 256 1232 352 2 default-led 1 0 0 0.01
162 1280 256 1280 352 2 default-led 1 0 0 0.01
o 10 256 0 4355 1.25 0.0002 0 2 10 3
o 15 256 0 4099 0.3125 0.05 1 2 15 3
o 26 256 7 135432 10 0.0125 1 1 0.0098
o 27 256 0 4355 5 0.05 2 2 27 3
o 18 256 7 135427 5 0.025 3 1 0.0781
o 36 256 0 4355 5 6.4 4 2 36 3
o 19 256 0 4355 1.25 0.1 5 2 19 3
38 18 F1 0 0 2 -1 Voltage
38 12 F1 0 0 10000 -1 Resistance
