$ 1 1E-8 10.2003 50 5 50 5E-11
f 800 384 864 384 0 0.5 0.02
T 736 336 800 384 0 1E-5 5 0.0004 1.7143E-7 0.999
w 864 368 864 336 0
82 864 208 864 144 0 0 40 0.5 0 0 0.5
w 736 464 736 384 0
g 672 336 672 368 0 0
w 800 464 736 464 0
34 zener-12 1 1.7143528192810002e-7 0 2.0000000000000084 12 1
z 800 416 800 384 2 zener-12
l 672 336 736 336 0 0.001 0.0003 0
368 800 384 768 400 0 0
w 928 336 1008 336 0
c 736 384 736 336 4 1E-8 0.0042 0.001 0.001
162 1008 464 928 464 2 default-led 1 0 0 0.01
406 928 416 1008 416 1 1E-5 0.999 1:4 2 0.0002 -4.0281E-7 
w 1008 384 1008 336 0
w 864 400 864 416 0
c 928 336 928 384 4 2E-7 0.2722 0.001 0.001
w 1008 416 1008 464 0
c 1008 384 1008 416 4 2E-10 0.004 0.001 0.001
r 800 336 864 336 0 100000
w 864 416 864 464 0
w 864 304 864 336 0
c 864 272 816 272 4 1E-7 0.497 0.001 0.001
r 864 208 864 272 0 10
g 816 272 800 272 0 0
w 864 336 928 336 0
w 800 464 864 464 0
w 864 464 928 464 0
c 928 416 928 464 4 2E-7 0.2722 0.001 0.001
w 864 272 864 304 0
w 800 416 864 416 0
o 0 32 0 4355 1.25 0.0002 0 2 0 3
o 3 32 7 135427 5 0.05 1 1 0.0013
o 9 32 0 4355 2.5 3.2 2 2 9 3
o 12 32 7 135435 1.25 9.6875E-5 3 3 7.5E-5 12 0 12 3
o 22 32 0 4355 1.25 0.0032 4 2 22 3
o 12 32 0 4355 1.25 9.76563E-5 5 2 12 3
o 16 32 0 4355 0.625 0.0008 6 2 16 3
o 18 32 0 4355 0.0098 9.76563E-5 7 2 18 3
o 11 32 0 4355 0.0098 0.0004 8 2 11 3
38 3 F1 0 0 2 -1 Voltage
