$ 1 1E-8 16.8174 52 5 50 5E-11
406 848 400 960 368 2 2E-5 0.999 1:10 2 0.0718 0.0064 
w 944 304 848 304 0
w 848 352 848 400 0
g 736 432 688 432 0 0
w 1024 304 1024 352 0
w 848 352 848 304 0
c 848 400 848 432 4 1E-6 0.1289 0.001 0.001
r 960 400 960 352 0 10000
82 1152 432 1200 432 0 0 40 0.64 0 0 0.5
l 1024 432 1088 432 0 0.001 0.0057 0
r 1088 432 1152 432 0 1
w 1024 400 1024 352 0
368 928 512 992 512 0 0
c 960 400 960 432 4 1E-8 1.2888 0.001 0.001
w 1088 432 1088 480 0
w 1024 400 1024 432 0
w 784 432 848 432 0
w 960 352 928 352 0
w 1088 480 1088 576 0
w 1088 576 944 576 0
w 912 576 848 576 0
406 784 480 848 512 0 1E-4 0.999 10:1 2 0.0018 0.0072 
w 848 432 848 480 0
162 736 512 736 480 2 default-led 1 0 0 0.01
w 784 432 784 480 0
w 848 512 848 576 0
c 784 512 784 576 4 1E-8 3.2695 0.001 0.001
w 784 576 848 576 0
w 736 432 784 432 0
w 784 512 736 512 0
c 1088 432 1088 368 4 1E-6 0.6231 0.001 0.001
g 1088 368 1088 352 0 0
162 736 480 736 464 2 default-led 1 0 0 0.01
162 736 464 736 432 2 default-led 1 0 0 0.01
t 960 352 960 304 0 1 0.5413 0.6416 100 default
w 848 480 960 480 0
w 976 304 1024 304 0
w 960 400 928 512 0
c 960 480 960 432 4 1E-8 -1.4277 0.001 0.001
r 928 352 848 352 0 50000
f 928 512 928 576 32 0.5 0.02
d 1024 432 960 432 2 1N4148
o 8 64 7 135425 2.5 0.1 0 1 0.1563
o 9 64 0 4355 10 0.0125 1 2 9 3
o 12 64 0 4362 20 6.4 2 2 12 3
o 23 64 0 135425 20 9.76563E-5 3 2 23 3
o 26 64 0 4355 10 0.0125 4 2 26 3
o 13 64 0 4355 10 0.0125 5 2 13 3
38 8 F1 0 0 4 -1 Voltage
