$ 1 1E-9 14.8413 47 5 50 5E-11
406 848 400 960 368 2 1E-5 0.999 1\p1:5\p5 4 0.0041 -8.29834E-9 0.012 0.0095 
f 960 352 960 304 32 0.5 0.02
f 960 512 960 560 32 0.5 0.02
w 944 304 848 304 0
w 848 352 848 400 0
w 848 464 848 512 0
w 848 560 944 560 0
g 848 432 816 432 0 0
w 976 304 1024 304 0
w 1024 304 1024 432 0
w 976 560 1024 560 0
w 1024 560 1024 432 0
w 960 432 1024 432 0
c 960 400 960 432 4 1E-9 1.7106 0.001 0.001
w 848 352 848 304 0
w 848 512 848 560 0
d 912 512 960 512 2 default-zener
c 960 432 960 464 4 1E-9 1.6426 0.001 0.001
r 960 400 960 352 0 1
r 960 464 960 512 0 1
82 1088 432 1136 432 0 0 40 0.5 0 0 0.5
c 1088 272 1024 272 4 1E-6 0.497 0.001 0.1
w 1024 272 1024 304 0
l 1024 432 1088 432 0 1E-6 0.003 0
d 912 512 848 512 2 default-zener
d 912 352 960 352 2 default-zener
d 912 352 848 352 2 default-zener
g 1088 272 1088 304 0 0
368 848 560 816 592 0 0
162 1008 400 1008 464 2 default-led 1 0 0 0.01
w 960 400 1008 400 0
l 960 464 1008 464 0 1E-5 0.0203 0
c 1008 464 1008 496 4 1E-8 0.7977 0.001 0.001
g 1008 496 1008 512 0 0
o 20 64 7 4355 2.5 0.025 0 1 0.0098
o 16 64 0 4355 2.5 9.76563E-5 1 2 16 3
o 17 64 0 4355 5 0.025 2 2 17 3
o 21 64 0 4355 1.25 0.2 3 2 21 3
o 28 64 0 4355 0.625 0.8 4 2 28 3
o 29 64 7 4363 5 0.0125 5 1 0.0391
