$ 1 5E-8 16.8174 46 5 50 5E-11
406 848 400 960 368 2 1E-4 0.999 1:10 2 0.018 0.006 
w 944 304 848 304 0
w 848 352 848 400 0
g 688 432 640 432 0 0
w 1024 304 1024 352 0
c 848 400 848 432 4 1E-8 0.835 0.001 0.001
r 960 400 960 352 0 5000
82 1152 432 1200 432 0 0 40 0.52 0 0 0.5
l 1024 432 1088 432 0 1E-4 0.0841 0
r 1088 432 1152 432 0 1
w 1024 400 1024 352 0
368 928 512 992 512 0 0
w 1088 432 1088 480 0
w 1024 400 1024 432 0
w 784 432 848 432 0
w 1088 480 1088 576 0
w 1088 576 944 576 0
w 912 576 848 576 0
406 784 480 848 512 0 1E-4 0.999 4:1 2 0.0083 -9.51845E-5 
w 848 432 848 480 0
162 736 432 736 512 2 default-led 1 0 0 0.01
w 784 432 784 480 0
w 848 512 848 576 0
c 784 512 784 576 4 1E-8 -1.326 0.001 0.001
w 784 576 848 576 0
w 736 432 784 432 0
w 784 512 736 512 0
c 1088 432 1088 368 4 1E-5 0.4098 0.001 0.001
g 1088 368 1088 352 0 0
t 960 352 960 304 0 1 0.5322 0.6701 100 default
w 848 480 960 480 0
w 960 400 928 512 0
c 960 480 960 432 4 1E-7 -8.031 0.001 0.001
f 928 512 928 576 32 0.5 0.02
w 976 304 1024 304 0
d 1024 400 960 400 2 1N4148
w 848 304 848 352 0
c 1024 432 1024 480 4 1E-5 0.3691 0.001 0.001
g 1024 480 1024 496 0 0
34 zener-12 1 1.7143528192810002e-7 0 2.0000000000000084 12 1
z 848 512 928 512 2 zener-12
l 688 432 736 432 0 1E-6 0.024 0
d 1024 352 960 352 2 1N4148
o 7 64 7 135425 2.5 0.1 0 1 0.3124
o 8 64 0 4355 0.3125 0.2 1 2 8 3
o 11 64 0 135434 20 6.4 2 2 11 3
o 20 64 0 135425 20 0.025 3 2 20 3
o 23 64 0 4355 2.5 0.05 3 2 23 3
o 29 64 5 4363 0.625 0.025 4 1
o 5 64 0 4355 1.25 0.1 5 2 5 3
o 33 64 0 4355 2.5 0.2 6 2 33 3
o 32 64 0 4355 10 0.025 7 2 32 3
o 37 64 0 4355 1.25 0.2 8 2 37 3
o 27 64 0 4355 0.625 0.4 9 2 27 3
o 41 64 0 4355 0.625 0.0016 10 2 41 3
38 7 F1 0 0 4 -1 Voltage
