$ 1 1E-8 16.8174 43 5 50 5E-11
406 848 400 960 368 2 2E-5 0.999 1:10 2 0.0923 0.0091 
f 960 352 960 304 0 0.5 0.02
w 944 304 848 304 0
w 848 352 848 400 0
g 784 432 752 432 0 0
w 1024 304 1024 352 0
w 848 352 848 304 0
c 848 400 848 432 4 1E-6 0.3849 0.001 0.001
r 960 400 960 352 0 1
82 1152 432 1200 432 0 0 40 0.52 0 0 0.5
l 1024 432 1088 432 0 0.001 0.0006 0
r 1088 432 1152 432 0 1
w 1024 400 1024 352 0
368 928 528 992 528 0 0
c 960 432 960 480 4 1E-8 1.6891 0.001 0.001
w 1024 480 960 480 0
r 960 352 1024 352 0 100000
d 1024 432 960 432 2 1N4148
w 1088 480 1024 480 0
c 960 400 960 432 4 1E-8 3.8485 0.001 0.001
w 1088 432 1088 480 0
w 1024 400 1024 432 0
l 976 304 1024 304 0 1E-5 0.0007 0
w 784 432 848 432 0
w 960 352 928 352 0
w 928 352 928 528 0
f 928 528 928 576 32 1.5 0.02
w 1088 480 1088 576 0
w 1088 576 944 576 0
w 912 576 848 576 0
406 784 480 848 512 0 0.0001 0.999 10:1 2 0.0008 0.0283 
w 848 432 848 480 0
162 784 512 784 480 2 default-led 1 0 0 0.01
w 784 432 784 480 0
w 848 512 848 576 0
c 784 512 784 576 4 1E-9 1.3917 0.001 0.001
w 784 576 848 576 0
o 9 64 7 135425 2.5 0.1 0 1 0.1563
o 7 64 0 4355 1.25 0.2016 1 2 7 3
o 10 64 0 4355 5 0.0125 2 2 10 3
o 13 64 0 4362 20 6.4 3 2 13 3
o 14 64 0 4355 5 0.0031 4 2 14 3
o 17 64 0 4355 5 0.0031 5 2 17 3
o 1 64 0 4355 10 0.0125 6 2 1 3
o 32 64 0 135427 20 0.025 7 2 32 3
o 35 64 0 4355 20 0.025 8 2 35 3
38 9 F1 0 0 4 -1 Voltage
