$ 1 1E-8 61.196 43 3.3 50 5E-11
w 240 -32 240 16 0
w 240 16 320 16 0
w 320 16 384 16 0
r 112 80 112 128 0 2200
r 384 80 384 128 0 2200
c 112 176 208 176 4 2.2E-9 0.0046 0.1 0
c 384 176 272 176 4 2.2E-9 0.003 0.1 0
t 288 256 384 256 0 1 0.0046 0.0946 100 default
w 208 176 288 256 0
w 272 176 208 256 0
t 208 256 112 256 0 1 0.003 0.0962 100 default
82 -96 16 -144 16 0 0 40 1.02 0 0 0.5
x 159 212 179 215 4 16 C1
x 317 213 337 216 4 16 C2
x 85 260 106 263 4 16 Q1
x 390 259 411 262 4 16 Q2
368 448 176 448 208 1 0 TG
174 208 144 272 128 1 10000 0.797 Resistance
r 240 80 240 128 0 4700
w 208 144 208 176 0
w 272 144 272 176 0
f 448 176 496 176 32 0.5 0.2
w 112 272 112 304 0
w 384 272 384 304 0
406 592 128 496 176 0 0.1 0.999 5:1 2 0.0059 0.0383 
w 496 128 496 160 0
162 592 48 688 48 2 default-led 1 0 0 0.1
c 208 176 272 176 4 2.2E-9 0.0016 0.1 0
w 48 112 48 144 0
w 688 128 592 128 0
w 192 80 112 80 0
w 112 128 112 176 0
w 288 80 384 80 0
w 384 128 384 176 0
c 112 16 112 -32 4 2.2E-6 0.0992 0.1 0.1
c 592 96 592 128 4 4.7E-8 1.7627 0.1 0
w 240 80 288 80 0
t 0 240 -48 240 0 1 -1.9053 0.1497 100 default
T -48 144 0 176 4 1E-4 0.3333 3.66775E-11 0.0118 0.999
w -48 176 -48 224 0
w 48 240 0 240 0
d 0 144 48 144 2 1N4148
w 0 112 -48 112 0
w -48 112 -48 144 0
w 48 144 48 176 0
l 0 16 0 112 0 2.2E-5 4.17828E-9 0
c 0 176 0 144 4 1E-7 0.3453 0.1 0
w 112 16 112 80 0
w 240 -32 176 -32 0
w 0 -32 0 16 0
c -96 112 -96 16 4 2.2E-5 -1.02 0.1 0.1
w -96 16 0 16 0
w 496 192 496 304 0
403 560 160 640 208 0 16_64_0_4362_2.5_6.4_-1_2_16_3
403 576 -32 704 32 0 26_128_0_4362_2.5_0.5_-1_2_26_3
s 688 48 688 128 0 0 0
w 0 -32 112 -32 0
403 576 -80 704 -32 0 26_128_7_135177_10_0.25_-1_1_0.0122
403 -192 -64 -112 0 0 11_64_7_135431_5_0.4_-1_1_0.0781
403 -256 112 -128 176 0 46_64_0_4362_1.25_0.8_-1_2_46_3
403 -256 192 -128 256 0 37_64_5_37131_5_0.1_-1_1
403 720 64 816 128 0 35_128_0_4354_2.5_0.5_-1_2_35_3
w 112 -32 176 -32 0
z 240 16 240 80 2 default-zener
w 112 304 208 304 0
w 288 304 384 304 0
d 288 304 288 256 2 1N5711
w 288 304 240 304 0
w 240 304 208 304 0
d 208 304 208 256 2 1N5711
w 192 80 240 80 0
w 112 176 112 240 0
w 384 176 384 240 0
403 -80 -128 48 -64 0 50_128_0_4355_1.25_9.7656E-5_-1_2_50_3
w 384 304 416 304 0
w 384 16 416 16 0
w 416 16 416 80 0
w 416 304 416 80 0
w 416 16 448 16 0
w 384 176 448 176 0
w 48 80 48 112 0
g 496 304 496 320 0 0
g -48 304 -48 336 0 0
w 496 16 496 96 0
c -160 320 -208 320 4 1E-6 0.1 0.1 0
w 0 304 -48 304 0
d 0 304 0 240 2 1N4148
g -96 112 -96 144 0 0
w 448 16 496 16 0
l 48 64 112 64 0 2.2E-6 0 0
c 48 176 48 240 4 1E-8 0.4918 0.1 0
r 592 48 592 96 0 5
c 0 176 0 240 4 5E-8 0.492 0.001 0
d 0 112 0 144 2 1N4148
w -48 256 -48 304 0
o 34 64 0 4355 0.1563 9.76563E-5 0 2 34 3
o 41 64 0 135425 2.5 9.76563E-5 1 2 41 3
o 35 64 0 4355 2.5 7.62939E-5 2 2 35 3
o 63 64 0 135427 0.1563 9.4727E-5 3 2 63 3
o 21 64 7 4353 5 0.5 4 1 0.0392
o 84 64 0 4355 0.625 9.76563E-5 5 2 84 3
o 90 64 0 4355 0.625 9.76563E-5 6 2 90 3
o 66 64 0 4355 0.1563 9.52148E-5 7 2 66 3
38 11 F1 0 0 3 -1 Voltage
