$ 1 1E-9 14.8413 39 5 50 5E-11
406 848 400 960 368 2 1E-6 0.999 1\p1:4\p4 4 0.1094 0.1381 0.0389 0.0389 
f 960 352 960 304 32 0.5 0.02
f 960 512 960 560 32 0.5 0.02
w 944 304 848 304 0
w 848 352 848 400 0
w 848 464 848 512 0
w 848 560 944 560 0
g 848 432 816 432 0 0
w 848 400 768 400 0
w 976 304 1024 304 0
w 1024 304 1024 432 0
w 976 560 1024 560 0
w 1024 560 1024 432 0
w 960 432 1024 432 0
c 960 400 960 432 4 1E-9 0.2666 0.001 0.001
w 848 352 848 304 0
w 848 512 848 560 0
d 912 512 960 512 2 default-zener
c 960 432 960 464 4 1E-9 0.2666 0.001 0.001
r 960 400 960 352 0 1
r 960 464 960 512 0 1
82 1120 432 1168 432 0 0 40 4 0 0 0.5
c 1088 272 1024 272 4 1E-6 -4.0121 0.001 0.001
w 1024 272 1024 304 0
l 1024 432 1120 432 0 1E-5 0.3502 0
d 912 512 848 512 2 default-zener
d 912 352 960 352 2 default-zener
d 912 352 848 352 2 default-zener
g 1088 272 1088 304 0 0
w 768 464 848 464 0
368 848 560 816 592 0 0
162 768 400 768 464 2 default-led 1 0 0 0.01
o 21 64 0 4355 5 1.6 0 2 21 3
o 17 64 0 4355 10 0.4 1 2 17 3
o 18 64 0 4355 5 0.1 2 2 18 3
o 22 64 0 4355 10 0.4 3 2 22 3
o 30 64 0 4355 1.25 1.6 4 2 30 3
o 31 64 0 4355 5 0.025 5 2 31 3
