$ 1 1E-8 56.303 43 3.3 50 5E-11
w 240 -32 240 16 0
w 0 -32 48 -32 0
w 320 16 384 16 0
r 112 80 112 128 0 1000
r 384 80 384 128 0 1000
c 112 176 208 176 4 5E-9 0.0433 0.1 0
c 384 176 272 176 4 5E-9 0.2825 0.1 0
t 288 256 384 256 0 1 0.8151 0.0545 100 default
w 208 176 288 256 0
w 272 176 208 256 0
t 208 256 112 256 0 1 0.4893 0.5871 100 default
82 -160 16 -208 16 0 0 40 1.02 0 0 0.5
x 149 210 169 213 4 16 C1
x 317 207 337 210 4 16 C2
x 85 260 106 263 4 16 Q1
x 390 259 411 262 4 16 Q2
368 448 176 448 208 1 0 TG
174 208 144 272 128 1 10000 0.797 Resistance
r 240 80 240 128 0 10000
w 208 144 208 176 0
w 272 144 272 176 0
f 448 176 496 176 32 0.5 0.2
w 112 272 112 304 0
w 384 272 384 304 0
406 592 128 496 176 0 1E-4 0.999 4:-1 2 0.0084 0.0364 
w 496 128 496 160 0
162 688 48 592 48 2 default-led 1 0 0 0.1
c 208 176 272 176 4 1E-10 0.5326 0.1 0
w 688 128 592 128 0
w 192 80 112 80 0
w 112 128 112 176 0
w 288 80 384 80 0
w 384 128 384 176 0
c 48 80 48 -32 4 1E-6 0.5956 0.1 0.1
c 592 96 592 128 4 1E-8 -1.7777 0.1 0
w 240 80 288 80 0
t 0 240 -48 240 0 1 -1.8683 0.4293 100 default
T -48 144 0 176 4 1E-4 4 3.15004E-7 0.0012 0.999
w -48 176 -48 224 0
w 48 240 0 240 0
d 0 144 48 144 2 1N5711
w 0 112 -48 112 0
w -48 112 -48 144 0
w 48 144 48 176 0
c 0 176 0 144 4 2E-8 -2.8514 0.1 0
w 240 -32 176 -32 0
w 0 -32 0 16 0
c 320 16 320 -80 4 1E-5 0.7325 0.1 0.1
w -96 16 0 16 0
w 496 192 496 304 0
403 560 160 640 208 0 16_64_0_4362_2.5_6.4_-1_2_16_3
s 688 48 688 128 0 0 0
403 576 -32 704 16 0 26_128_0_135179_10_0.0313_-1_2_26_3
403 -224 -96 -144 -32 0 11_64_7_135431_5_0.4_-1_1_0.1562
403 -256 112 -128 176 0 44_64_0_4363_10_0.05_-1_2_44_3
403 -256 192 -128 256 0 36_64_1_37131_20_0.0125_-1_1
403 720 64 816 128 0 34_128_0_4354_10_0.5_-1_2_34_3
w 112 -32 176 -32 0
z 240 16 240 80 2 default-zener
w 112 304 208 304 0
w 288 304 384 304 0
d 288 304 288 256 2 1N5711
w 288 304 240 304 0
w 240 304 208 304 0
d 208 304 208 256 2 1N5711
w 192 80 240 80 0
w 112 176 112 240 0
w 384 176 384 240 0
403 -80 -128 48 -64 0 47_128_0_4355_1.25_0.1_-1_2_47_3
w 384 16 416 16 0
w 416 16 448 16 0
w 384 176 448 176 0
g 496 304 496 320 0 0
g -48 304 -48 336 0 0
w 0 304 -48 304 0
d 0 304 0 240 2 1N5711
w 448 16 496 16 0
l 48 80 112 80 0 1E-5 0.0009 0
c 48 176 48 240 4 1E-8 2.1901 0.1 0
r 592 48 592 96 0 1
c 0 176 0 240 4 1E-8 0.2433 0.001 0
d 0 112 0 144 2 1N5711
w -48 256 -48 304 0
l 0 16 0 112 0 1E-6 9.90633E-5 0
l 240 16 320 16 0 1E-5 0.0296 0
d 48 144 48 80 2 1N5711
c -48 112 -48 80 4 1E-7 0.7269 0.001 0
g -48 80 -48 64 0 0
r 112 240 48 240 0 5000
w 384 304 416 304 0
w -80 176 -48 176 0
w -80 256 -48 256 0
d 416 304 496 304 2 1N5711
d -80 256 -80 176 2 1N5711
r -160 16 -96 16 0 10
w 48 -32 112 -32 0
w 496 16 496 96 0
g 320 -80 320 -96 0 0
g 688 128 688 144 0 0
o 33 64 0 4355 1.2504 0.0125 0 2 33 3
o 40 64 0 135425 2.5 0.0125 1 2 40 3
o 34 64 0 4355 10 0.0782 2 2 34 3
o 58 64 0 135427 1.2504 9.4727E-5 3 2 58 3
o 78 64 0 4355 5 0.0125 4 2 78 3
o 80 64 0 4355 10 0.05 5 2 80 3
38 11 F1 0 0 3 -1 Voltage
