$ 1 5E-8 21.594 43 3.3 50 5E-11
w 240 -32 240 16 0
w 0 -32 112 -32 0
w 320 16 384 16 0
r 112 80 112 128 0 1000
r 384 80 384 128 0 1000
c 112 176 208 176 4 5E-9 0.3494 0.1 0
c 384 176 272 176 4 5E-9 1.6652 0.1 0
t 288 256 384 256 0 1 -1.847 0.4257 100 default
w 208 176 288 256 0
w 272 176 208 256 0
t 208 256 112 256 0 1 0.5312 0.6075 100 default
82 -96 16 -144 16 0 0 40 0.6 0 0 0.5
x 149 210 169 213 4 16 C1
x 317 207 337 210 4 16 C2
x 85 260 106 263 4 16 Q1
x 390 259 411 262 4 16 Q2
368 448 176 448 208 1 0 TG
174 208 144 272 128 1 10000 0.797 Resistance
r 240 80 240 128 0 10000
w 208 144 208 176 0
w 272 144 272 176 0
f 448 176 496 176 32 0.5 0.2
w 112 272 112 304 0
w 384 272 384 304 0
406 592 128 496 176 0 1E-4 0.999 3:1 2 0.0003 0.1051 
w 496 128 496 160 0
162 592 48 688 48 2 default-led 1 0 0 0.1
c 208 176 272 176 4 1E-10 0.1817 0.1 0
w 688 128 592 128 0
w 192 80 112 80 0
w 112 128 112 176 0
w 288 80 384 80 0
w 384 128 384 176 0
c 48 80 48 32 4 1E-6 2.8414 0.1 0.1
c 592 96 592 128 4 1E-8 0.9825 0.1 0
w 240 80 288 80 0
t 0 240 -48 240 0 1 -1.2675 0.1822 100 default
T -48 144 0 176 4 5E-5 5 2.45283E-12 0.0053 0.999
w -48 176 -48 224 0
w 48 240 0 240 0
d 0 144 48 144 2 1N5711
w 0 112 -48 112 0
w -48 112 -48 144 0
w 48 144 48 176 0
l 496 16 496 96 0 1E-6 0.1051 0
c 0 176 0 144 4 1E-8 -1.4952 0.1 0
w 240 -32 176 -32 0
w 0 -32 0 16 0
c -96 16 -96 112 4 1E-5 0.6 0.1 0.1
w -96 16 0 16 0
w 496 192 496 304 0
403 560 160 640 208 0 16_64_0_4362_5_6.4_-1_2_16_3
403 576 -32 704 32 0 26_128_0_4362_20_0.5_-1_2_26_3
s 688 48 688 128 0 0 0
403 576 -80 704 -32 0 26_128_7_135177_10_0.25_-1_1_0.0976
403 -224 -96 -144 -32 0 11_64_7_135431_5_0.4_-1_1_0.3124
403 -256 112 -128 176 0 45_64_0_4362_5_0.8_-1_2_45_3
403 -256 192 -128 256 0 36_64_1_37131_20_0.1_-1_1
403 720 64 816 128 0 34_128_0_4354_20_0.5_-1_2_34_3
w 112 -32 176 -32 0
z 240 16 240 80 2 default-zener
w 112 304 208 304 0
w 288 304 384 304 0
d 288 304 288 256 2 1N5711
w 288 304 240 304 0
w 240 304 208 304 0
d 208 304 208 256 2 1N5711
w 192 80 240 80 0
w 112 176 112 240 0
w 384 176 384 240 0
403 -80 -128 48 -64 0 48_128_0_4355_2.5_9.7656E-5_-1_2_48_3
w 384 16 416 16 0
w 416 16 448 16 0
w 384 176 448 176 0
g 496 304 496 320 0 0
g -48 304 -48 336 0 0
w 0 304 -48 304 0
d 0 304 0 240 2 1N5711
g -96 112 -96 144 0 0
w 448 16 496 16 0
l 48 80 112 80 0 1E-5 0.0023 0
c 48 176 48 240 4 1E-8 3.4396 0.1 0
r 592 48 592 96 0 1
c 0 176 0 240 4 1E-7 1.6833 0.001 0
d 0 112 0 144 2 1N5711
w -48 256 -48 304 0
l 0 16 0 112 0 1E-5 0.0784 0
l 240 16 320 16 0 1E-5 0.1036 0
r 448 176 448 48 0 1000
w 448 48 592 48 0
g 48 32 48 16 0 0
d 48 144 48 80 2 1N5711
c -48 112 -48 80 4 1E-7 0.7871 0.001 0
g -48 80 -48 64 0 0
r 112 240 48 240 0 1000
w 384 304 416 304 0
w 416 304 416 16 0
o 33 64 0 4355 5.0016 0.05 0 2 33 3
o 40 64 0 135425 2.5 0.05 1 2 40 3
o 34 64 0 4355 20 0.0781 2 2 34 3
o 60 64 0 135427 2.5008 9.4727E-5 3 2 60 3
o 81 64 0 4355 5 0.025 4 2 81 3
o 83 64 0 4355 5 0.2 5 2 83 3
38 11 F1 0 0 3 -1 Voltage
