$ 1 1E-8 16.8174 43 5 50 5E-11
406 848 400 960 368 2 2E-5 0.999 1:10 2 0.165 0.0156 
f 960 352 960 304 0 0.5 0.02
w 944 304 848 304 0
w 848 352 848 400 0
g 736 432 688 432 0 0
w 1024 304 1024 352 0
w 848 352 848 304 0
c 848 400 848 432 4 1E-6 0.7452 0.001 0.001
r 960 400 960 352 0 1
82 1152 432 1200 432 0 0 40 0.8 0 0 0.5
l 1024 432 1088 432 0 0.001 0.0071 0
r 1088 432 1152 432 0 1
w 1024 400 1024 352 0
368 928 512 992 512 0 0
c 960 432 960 480 4 1E-8 10.1813 0.001 0.001
w 1024 480 960 480 0
r 960 352 1024 352 0 100000
d 1024 432 960 432 2 1N4148
w 1088 480 1024 480 0
c 960 400 960 432 4 1E-8 7.4509 0.001 0.001
w 1088 432 1088 480 0
w 1024 400 1024 432 0
l 976 304 1024 304 0 1E-5 0.0072 0
w 784 432 848 432 0
w 960 352 928 352 0
w 928 352 928 512 0
f 928 512 928 576 32 0.5 0.02
w 1088 480 1088 576 0
w 1088 576 944 576 0
w 912 576 848 576 0
406 784 480 848 512 0 0.0001 0.999 10:1 2 0.0001 0.0807 
w 848 432 848 480 0
162 736 512 736 480 2 default-led 1 0 0 0.01
w 784 432 784 480 0
w 848 512 848 576 0
c 784 512 784 576 4 1E-8 4.2571 0.001 0.001
w 784 576 848 576 0
w 736 432 784 432 0
w 784 512 736 512 0
d 848 512 928 512 2 1N5711
c 1088 432 1088 368 4 1E-6 0.7087 0.001 0.001
g 1088 368 1088 352 0 0
162 736 480 736 464 2 default-led 1 0 0 0.01
162 736 464 736 432 2 default-led 1 0 0 0.01
o 9 64 7 135425 2.5 0.1 0 1 0.3125
o 7 64 0 4355 2.5 0.8064 1 2 7 3
o 10 64 0 4355 20 0.025 2 2 10 3
o 13 64 0 4362 40 6.4 3 2 13 3
o 14 64 0 4355 20 0.0125 4 2 14 3
o 17 64 0 4355 20 0.0031 5 2 17 3
o 1 64 0 4355 20 0.025 6 2 1 3
o 32 64 0 135425 20 0.05 7 2 32 3
o 35 64 0 4355 20 0.1 8 2 35 3
o 26 64 0 4355 5 0.4 9 2 26 3
38 9 F1 0 0 4 -1 Voltage
