$ 1 1E-8 16.8174 45 5 50 5E-11
406 848 400 960 368 2 1E-5 0.999 1:4\p5 3 0.0097 0.0389 1.71435E-7 
w 944 304 896 304 0
w 848 352 848 400 0
g 736 464 688 464 0 0
w 1024 304 1024 352 0
c 848 400 848 464 4 6.8E-8 0.7191 0.001 0.001
82 1152 432 1200 432 0 0 40 1 0 0 0.5
l 1024 432 1088 432 0 0.0001 0.003 0
r 1088 432 1152 432 0 1
w 1024 400 1024 352 0
368 992 576 992 608 0 0
w 1088 432 1088 480 0
w 1024 400 1024 432 0
w 848 464 784 464 0
w 1088 480 1088 576 0
w 1088 640 944 640 0
w 912 640 848 640 0
406 784 544 848 576 0 0.0001 0.999 -10:1 2 0.0016 0.0795 
w 848 464 848 512 0
162 736 544 736 576 2 default-led 1 0 0 0.01
w 848 576 848 640 0
c 848 544 848 576 4 1E-9 0.4475 0.001 0.001
w 736 464 784 464 0
c 1088 432 1088 368 4 1E-5 0.9063 0.001 0.001
g 1088 368 1088 352 0 0
t 960 352 960 304 0 1 0.0136 0.1591 30 default
w 848 512 848 544 0
f 928 576 928 640 32 0.5 0.02
w 976 304 1024 304 0
d 1024 432 960 432 2 1N4148
w 848 304 848 352 0
c 1024 432 1024 480 4 6E-6 0.8918 0.001 0.001
g 1024 480 1024 496 0 0
c 960 352 960 400 4 3.3E-8 -9.2659 0.001 0.001
r 960 352 1024 352 0 6000
c 960 432 960 512 4 2.2E-7 7.2652 0.001 0.001
w 960 464 992 464 0
w 992 464 992 576 0
s 928 576 992 576 0 0 0
c 960 432 960 400 4 6.8E-8 -2.879 0.001 0.001
d 896 352 944 352 2 1N4148
w 1088 576 1088 640 0
34 zener-12 1 1.7143528192810002e-7 0 2.0000000000000084 12 1
d 1088 576 992 576 2 zener-12
c 784 544 784 576 4 1E-9 -4.4948 0.001 0.001
w 736 544 784 544 0
w 736 576 784 576 0
w 848 512 960 512 0
w 896 304 848 304 0
g 896 352 880 352 0 0
o 6 64 0 135425 2.5 1.6 0 2 6 3
o 7 64 0 4355 0.1563 0.025 1 2 7 3
o 10 64 0 135434 20 6.4 2 2 10 3
o 19 64 0 135425 10 0.0252 3 2 19 3
o 21 64 0 4355 1.2288 0.0008 3 2 21 3
o 25 64 5 4363 10 0.025 4 1
o 5 64 0 4355 2.5 0.1 5 2 5 3
o 27 64 0 4355 5 0.8 6 2 27 3
o 31 64 0 4355 2.5 0.4 7 2 31 3
o 23 64 0 4355 1.25 0.2 7 2 23 3
o 29 64 0 4355 10 9.76563E-5 8 2 29 3
o 35 64 0 4355 10 0.1 9 2 35 3
o 43 64 0 4355 20 0.0125 10 2 43 3
38 6 F1 0 0 4 -1 Voltage
