$ 1 1E-9 42.0593 44 5 50 5E-11
t 816 192 880 192 0 1 0.7323 0.157 100 default
t 880 176 944 176 0 -1 0.6045 -4.567E-5 100 default
w 944 160 944 112 0
w 1072 224 1008 224 0
w 944 256 944 192 0
w 944 304 816 304 0
c 816 192 816 304 4 2E-9 0.1278 0.001 0
r 1008 112 1072 112 0 1
w 880 208 880 256 0
c 1008 112 1008 160 4 1E-7 0.9802 0.001 0
w 880 256 880 352 0
r 816 112 816 192 0 2000
w 944 352 1008 352 0
w 1008 224 1008 160 0
l 944 112 1008 112 0 0.001 0.0198 0
w 880 112 944 112 0
118 1072 224 1072 112 0 0 40 1 0 0 0.5
l 880 256 944 256 0 0.001 0.0272 0
T 1008 256 1072 304 4 0.0001 5 0.0061 0.0057 0.999
w 1008 224 1008 256 0
w 1008 304 1008 352 0
162 1072 304 1072 352 2 default-led 1 0 0 0.01
c 944 160 1008 160 4 1E-7 0.5994 0.001 0.1
w 880 112 816 112 0
w 1072 224 1072 256 0
368 816 304 768 304 0 0
w 944 256 944 304 0
w 1008 352 1072 352 0
c 944 304 944 352 4 1E-8 0.2848 0.001 0.001
d 1008 304 944 304 2 1N5711
r 880 112 880 176 0 1000000
w 944 352 880 352 0
o 9 256 0 4355 1.25 0.0002 0 2 9 3
o 14 256 0 4099 1.25 0.05 1 2 14 3
o 21 256 7 135432 10 0.0125 1 1 0.0392
o 22 256 0 4355 2.5 0.05 2 2 22 3
o 16 256 7 135427 5 0.025 3 1 0.0782
o 25 256 0 4355 5 6.4 4 2 25 3
o 17 256 0 4355 1.25 0.1 5 2 17 3
o 28 256 0 4355 1.25 0.1 6 2 28 3
o 6 256 0 4355 2.5 0.0125 7 2 6 3
o 30 256 0 4355 5 9.76563E-5 8 2 30 3
o 11 256 0 4355 10 0.0063 9 2 11 3
38 16 F1 0 0 2 -1 Voltage
38 11 F1 0 0 5000 -1 Resistance
