$ 1 1E-9 399.0479 42 5 50 5E-11
T 624 464 688 528 14 1E-5 0.25 0.1873 0.0229 0.999
t 624 416 624 368 1 1 0.9585 0.454 100 default
c 704 464 752 464 6 1E-8 -1.081 0.001 0
c 560 464 560 528 6 1E-5 0.4777 0.001 0
w 608 368 560 368 0
r 624 416 560 416 0 20000
w 752 368 752 416 0
w 560 368 560 416 0
w 560 528 624 528 0
162 560 592 704 592 2 default-led 1 0 0 0.01
118 688 208 608 208 0 0 40 0.8 0 0 0.5
w 688 256 752 256 0
w 560 416 560 464 0
w 752 416 752 464 0
w 624 464 608 464 0
w 608 464 608 544 0
w 688 464 704 464 0
w 704 464 704 544 0
c 608 256 688 256 4 1E-5 0.5489 0.001 0
w 560 256 608 256 0
r 560 208 608 208 0 10
c 624 416 624 464 4 1E-9 0.4364 0.001 0
w 688 416 688 368 0
w 640 368 688 368 0
w 688 528 752 528 0
c 752 464 752 528 6 1E-5 0.0751 0.001 0
c 624 464 688 464 4 1E-7 0.1912 0.001 0
d 688 416 624 416 2 1N5711
s 752 208 752 256 0 0 0
d 560 336 560 256 2 1N4148
w 560 208 560 256 0
w 688 208 752 208 0
d 752 256 752 336 2 1N4148
w 560 544 560 592 0
l 704 544 704 592 0 1E-6 0.0012 0
w 560 544 608 544 0
c 560 624 704 624 4 1E-9 0.1742 0.001 0
w 560 592 560 624 0
w 704 592 704 624 0
T 608 288 688 336 4 0.0001 1 0.023 0.023 0.999
w 608 256 608 288 0
w 688 256 688 288 0
w 608 336 560 336 0
w 688 336 752 336 0
w 560 336 560 368 0
w 752 336 752 368 0
l 688 368 752 368 0 5E-6 0.0016 0
o 9 256 0 135433 10 0.1 0 2 9 3
o 10 256 7 135431 5 0.05 0 1 0.0391
o 18 256 0 4355 0.625 0.0063 0 2 18 3
o 21 512 0 4363 2.5 0.0125 1 2 21 3
o 26 256 0 4363 5 0.4 2 2 26 3
o 29 1024 0 4353 2.5 9.76563E-5 3 2 29 3
o 32 1024 0 4353 5 9.76563E-5 3 2 32 3
o 1 256 4 4363 2.5 0.0032 4 1
o 25 1024 0 4355 0.1563 0.2 5 2 25 3
o 3 1024 0 4353 2.5 0.2 5 2 3 3
o 2 256 0 4355 2.5 0.0126 6 2 2 3
o 36 1024 0 4355 5 0.0125 7 2 36 3
o 5 256 0 4355 5 0.0002 8 2 5 3
o 46 256 0 4355 1.25 0.2 9 2 46 3
o 27 256 0 4355 2.5 0.0063 9 2 27 3
38 10 F1 0 0 4 -1 Voltage
